1553729039.447792,1
1553729039.553439,8
1553729039.658693,15
1553729039.763345,20
1553729039.867977,19
1553729039.972860,19
1553729040.077147,18
1553729040.181829,17
1553729040.287078,19
1553729040.391761,19
1553729040.496171,19
1553729040.601332,19
1553729040.705947,20
1553729040.809950,19
1553729040.914138,20
1553729041.018974,19
1553729041.124441,18
1553729041.229190,17
1553729041.332988,15
1553729041.438120,18
1553729041.543269,16
1553729041.648396,19
1553729041.752975,17
1553729041.858027,17
1553729041.962256,17
1553729042.066974,16
1553729042.172519,18
1553729042.277345,16
1553729042.382645,18
1553729042.488586,16
1553729042.593918,18
1553729042.698411,16
1553729042.803637,18
1553729042.908867,17
1553729043.013710,18
1553729043.118751,18
1553729043.223464,19
1553729043.327903,19
1553729043.432469,18
1553729043.538517,19
1553729043.643412,20
1553729043.747830,18
1553729043.852166,18
1553729043.956679,16
1553729044.062157,13
1553729044.166956,12
1553729044.272246,13
1553729044.376271,15
1553729044.480813,14
1553729044.585323,16
1553729044.689906,14
1553729044.794641,15
1553729044.901774,17
1553729045.005724,17
1553729045.111290,18
1553729045.215796,17
1553729045.321008,16
1553729045.429280,14
1553729045.534094,15
1553729045.638915,13
1553729045.744243,15
1553729045.849155,13
1553729045.953980,15
1553729046.059111,14
1553729046.163641,17
1553729046.268204,15
1553729046.373793,16
1553729046.478424,17
1553729046.583369,17
1553729046.687926,17
1553729046.792984,18
1553729046.897608,19
1553729047.002427,18
1553729047.107427,19
1553729047.212714,19
1553729047.317081,19
1553729047.422354,18
1553729047.527338,20
1553729047.631680,18
1553729047.736123,18
1553729047.841193,19
1553729047.946223,18
1553729048.051357,16
1553729048.156388,18
1553729048.262012,18
1553729048.367073,16
1553729048.471450,12
1553729048.575888,18
1553729048.681493,10
1553729048.786716,8
1553729048.891534,6
1553729048.998118,6
1553729049.103494,8
1553729049.208032,7
1553729049.313167,8
1553729049.417736,8
1553729049.523136,9
1553729049.627891,10
1553729049.732713,9
1553729049.836678,10
1553729049.940948,10
1553729050.045788,10
1553729050.152108,11
1553729050.258176,10
1553729050.362626,12
1553729050.467623,11
1553729050.572643,12
1553729050.677856,12
1553729050.783208,12
1553729050.887972,12
1553729050.993732,13
1553729051.098145,12
1553729051.202298,13
1553729051.306625,14
1553729051.412253,14
1553729051.517131,14
1553729051.622539,14
1553729051.727593,14
1553729051.833025,14
1553729051.937932,15
1553729052.043291,15
1553729052.147390,15
1553729052.252840,17
1553729052.358896,17
1553729052.463574,16
1553729052.569404,18
1553729052.673979,20
1553729052.778517,20
1553729052.883696,15
1553729052.989204,15
1553729053.094174,13
1553729053.199425,13
1553729053.303847,11
1553729053.408030,13
1553729053.512952,14
1553729053.617674,14
1553729053.722518,13
1553729053.828514,15
1553729053.933261,13
1553729054.037951,14
1553729054.141807,15
1553729054.246024,14
1553729054.351286,13
1553729054.456319,13
1553729054.561951,14
1553729054.666710,12
1553729054.771532,13
1553729054.876048,12
1553729054.982115,13
1553729055.087022,12
1553729055.191372,14
1553729055.296119,14
1553729055.402111,14
1553729055.506756,14
1553729055.612458,14
1553729055.717052,15
1553729055.822525,15
1553729055.928032,16
1553729056.033200,17
1553729056.138217,17
1553729056.243312,17
1553729056.348470,17
1553729056.453756,18
1553729056.558901,19
1553729056.664085,18
1553729056.769482,18
1553729056.874000,19
1553729056.978760,18
1553729057.083495,18
1553729057.188918,19
1553729057.294064,18
1553729057.398566,18
1553729057.503657,18
1553729057.608100,16
1553729057.713422,15
1553729057.817706,16
1553729057.922523,15
1553729058.027120,15
1553729058.132169,17
1553729058.237842,16
1553729058.343183,16
1553729058.447688,18
1553729058.552497,17
1553729058.657205,20
1553729058.761947,17
1553729058.866357,19
1553729058.971904,13
1553729059.076676,10
1553729059.181968,8
1553729059.285943,8
1553729059.390851,9
1553729059.494985,10
1553729059.599678,10
1553729059.704079,10
1553729059.810148,9
1553729059.916638,11
1553729060.022048,11
1553729060.127468,10
1553729060.233147,11
1553729060.337978,11
1553729060.443351,11
1553729060.549517,11
1553729060.654683,11
1553729060.759340,11
1553729060.863356,11
1553729060.969048,12
1553729061.073700,12
1553729061.178584,12
1553729061.282790,13
1553729061.387608,13
1553729061.492341,14
1553729061.598589,14
1553729061.704062,15
1553729061.809514,13
1553729061.914414,16
1553729062.019064,17
1553729062.123658,16
1553729062.227636,16
1553729062.333708,18
1553729062.439775,19
1553729062.544440,16
1553729062.650308,14
1553729062.754925,14
1553729062.859576,11
1553729062.964025,11
1553729063.069725,13
1553729063.174277,12
1553729063.279403,12
1553729063.384510,15
1553729063.488654,15
1553729063.593341,14
1553729063.698104,14
1553729063.804401,13
1553729063.909179,13
1553729064.014062,12
1553729064.118279,13
1553729064.224130,11
1553729064.328471,13
1553729064.433006,12
1553729064.539030,13
1553729064.643677,14
1553729064.748274,14
1553729064.853409,14
1553729064.958623,15
1553729065.063120,16
1553729065.169263,15
1553729065.274725,17
1553729065.379597,16
1553729065.484081,17
1553729065.588616,18
1553729065.693852,18
1553729065.798841,16
1553729065.903005,15
1553729066.008234,18
1553729066.113162,17
1553729066.217717,17
1553729066.323143,18
1553729066.427588,17
1553729066.532708,18
1553729066.637529,18
1553729066.742691,18
1553729066.847177,18
1553729066.951588,18
1553729067.056466,18
1553729067.161971,18
1553729067.267070,18
1553729067.371498,18
1553729067.475984,18
1553729067.580943,18
1553729067.685764,15
1553729067.791055,17
1553729067.895834,16
1553729067.999838,19
1553729068.103996,15
1553729068.208443,11
1553729068.313174,8
1553729068.417880,7
1553729068.522838,8
1553729068.628795,9
1553729068.733685,8
1553729068.837885,9
1553729068.944346,10
1553729069.049622,11
1553729069.154388,12
1553729069.259160,12
1553729069.364437,12
1553729069.470139,12
1553729069.574856,12
1553729069.679724,12
1553729069.785842,11
1553729069.891315,12
1553729069.995836,12
1553729070.101137,13
1553729070.206064,13
1553729070.310228,12
1553729070.415095,13
1553729070.524644,12
1553729070.629100,13
1553729070.733891,13
1553729070.839125,13
1553729070.943249,14
1553729071.047658,14
1553729071.153944,14
1553729071.260366,15
1553729071.365388,15
1553729071.469545,15
1553729071.574278,15
1553729071.678736,17
1553729071.783275,17
1553729071.887494,17
1553729071.992481,16
1553729072.098211,19
1553729072.204158,19
1553729072.309351,16
1553729072.416537,16
1553729072.523861,13
1553729072.634667,13
1553729072.742753,13
1553729072.851271,12
1553729072.959061,14
1553729073.066750,13
1553729073.174711,15
1553729073.281924,15
1553729073.391269,16
1553729073.499736,14
1553729073.608866,14
1553729073.714452,12
1553729073.823055,12
1553729073.934560,14
1553729074.042606,13
1553729074.150655,14
1553729074.256228,14
1553729074.362914,14
1553729074.471480,14
1553729074.580777,14
1553729074.694787,14
1553729074.800538,14
1553729074.905504,15
1553729075.010361,15
1553729075.114662,15
1553729075.219217,16
1553729075.323535,16
1553729075.427654,16
1553729075.532339,16
1553729075.636336,17
1553729075.741151,17
1553729075.845990,17
1553729075.951778,17
1553729076.056743,17
1553729076.164183,17
1553729076.274304,19
1553729076.382080,19
1553729076.489866,19
1553729076.598642,19
1553729076.706696,19
1553729076.814727,20
1553729076.923535,19
1553729077.029347,19
1553729077.136948,16
1553729077.247321,15
1553729077.355812,16
1553729077.464699,15
1553729077.574597,17
1553729077.682959,16
1553729077.788769,16
1553729077.895798,19
1553729078.005981,17
1553729078.117395,19
1553729078.225904,16
1553729078.331443,13
1553729078.437608,8
1553729078.544039,8
1553729078.652813,8
1553729078.760210,9
1553729078.864986,10
1553729078.969791,10
1553729079.075103,10
1553729079.179496,9
1553729079.283916,11
1553729079.389007,11
1553729079.493659,10
1553729079.601305,11
1553729079.707322,11
1553729079.812711,11
1553729079.917912,12
1553729080.023265,11
1553729080.127903,12
1553729080.233533,12
1553729080.338585,12
1553729080.443535,12
1553729080.549149,13
1553729080.654196,13
1553729080.759374,13
1553729080.864418,14
1553729080.969069,14
1553729081.073610,14
1553729081.177973,14
1553729081.283361,15
1553729081.388771,16
1553729081.493178,16
1553729081.597122,15
1553729081.701592,18
1553729081.806161,18
1553729081.911506,15
1553729082.016334,14
1553729082.121989,12
1553729082.226329,12
1553729082.330767,10
1553729082.435059,12
1553729082.540516,12
1553729082.645280,12
1553729082.749877,14
1553729082.854962,12
1553729082.959788,14
1553729083.064173,12
1553729083.168954,13
1553729083.273700,11
1553729083.378167,12
1553729083.482783,13
1553729083.587876,13
1553729083.692873,13
1553729083.798034,13
1553729083.903350,13
1553729084.008311,13
1553729084.113373,13
1553729084.218352,14
1553729084.323445,15
1553729084.428125,15
1553729084.533385,15
1553729084.638311,15
1553729084.743009,15
1553729084.847820,15
1553729084.952825,16
1553729085.057730,16
1553729085.163020,16
1553729085.267901,16
1553729085.372756,16
1553729085.477970,16
1553729085.582831,16
1553729085.687186,18
1553729085.792907,17
1553729085.897652,17
1553729086.002987,19
1553729086.108074,20
1553729086.212717,18
1553729086.317751,19
1553729086.423121,19
1553729086.528691,19
1553729086.633475,15
1553729086.737575,13
1553729086.842658,14
1553729086.947314,17
1553729087.052594,16
1553729087.156523,15
1553729087.261336,14
1553729087.365662,12
1553729087.474213,14
1553729087.578688,13
1553729087.682967,15
1553729087.787337,14
1553729087.892400,16
1553729087.997371,16
1553729088.102965,15
1553729088.208046,14
1553729088.313538,14
1553729088.419868,14
1553729088.525167,14
1553729088.629641,15
1553729088.733769,15
1553729088.838401,15
1553729088.942948,15
1553729089.047425,16
1553729089.152920,17
1553729089.258521,17
1553729089.363880,17
1553729089.469205,17
1553729089.574090,17
1553729089.681779,18
1553729089.786360,18
1553729089.892390,18
1553729089.998149,18
1553729090.102849,18
1553729090.208145,19
1553729090.313573,18
1553729090.418471,18
1553729090.523423,19
1553729090.628075,18
1553729090.733357,18
1553729090.838340,18
1553729090.942587,18
1553729091.049491,18
1553729091.155002,18
1553729091.259860,13
1553729091.364632,18
1553729091.469242,8
1553729091.574028,5
1553729091.678735,5
1553729091.783153,5
1553729091.888256,7
1553729091.993365,7
1553729092.099125,9
1553729092.204181,7
1553729092.309018,9
1553729092.414098,9
1553729092.518942,8
1553729092.624065,8
1553729092.729519,10
1553729092.834558,9
1553729092.939818,9
1553729093.044847,11
1553729093.150812,10
1553729093.255429,11
1553729093.362158,12
1553729093.467466,11
1553729093.572576,12
1553729093.677412,11
1553729093.782993,12
1553729093.887606,12
1553729093.991973,13
1553729094.096567,12
1553729094.202116,14
1553729094.306758,13
1553729094.412372,14
1553729094.517418,15
1553729094.623240,15
1553729094.728340,14
1553729094.834153,15
1553729094.939273,16
1553729095.044255,16
1553729095.148804,16
1553729095.253724,18
1553729095.358789,18
1553729095.463896,18
1553729095.569167,19
1553729095.674529,19
1553729095.779090,15
1553729095.884697,14
1553729095.989468,12
1553729096.094677,12
1553729096.199498,9
1553729096.304150,8
1553729096.408458,11
1553729096.513861,10
1553729096.618828,9
1553729096.724690,13
1553729096.830550,14
1553729096.936069,15
1553729097.040288,14
1553729097.144458,13
1553729097.249252,13
1553729097.354041,13
1553729097.459441,13
1553729097.563965,13
1553729097.669268,14
1553729097.774343,13
1553729097.879736,14
1553729097.985582,14
1553729098.090540,14
1553729098.195374,14
1553729098.300157,16
1553729098.405011,15
1553729098.510357,15
1553729098.614982,16
1553729098.719312,16
1553729098.824308,15
1553729098.929922,17
1553729099.034862,17
1553729099.140276,18
1553729099.245252,17
1553729099.350787,18
1553729099.456593,18
1553729099.561984,17
1553729099.668066,19
1553729099.773249,19
1553729099.877596,19
1553729099.982306,19
1553729100.086827,19
1553729100.191241,20
1553729100.298189,17
1553729100.403432,19
1553729100.508870,18
1553729100.613544,18
1553729100.718682,18
1553729100.823917,16
1553729100.929051,15
1553729101.034220,11
1553729101.139119,11
1553729101.243698,17
1553729101.348406,17
1553729101.453420,12
1553729101.558703,13
1553729101.663282,13
1553729101.767818,13
1553729101.872773,13
1553729101.977677,14
1553729102.082916,14
1553729102.189099,13
1553729102.293752,14
1553729102.398786,14
1553729102.503408,15
1553729102.607871,14
1553729102.712920,15
1553729102.818121,15
1553729102.923446,15
1553729103.028215,16
1553729103.132435,16
1553729103.237095,17
1553729103.341984,17
1553729103.448059,16
1553729103.553048,18
1553729103.658084,16
1553729103.763743,17
1553729103.868626,17
1553729103.973432,17
1553729104.079679,18
1553729104.185053,19
1553729104.290967,19
1553729104.395989,19
1553729104.500802,19
1553729104.605215,19
1553729104.710101,18
1553729104.814710,19
1553729104.920907,19
1553729105.025803,13
1553729105.131832,12
1553729105.237947,7
1553729105.343449,3
1553729105.448747,4
1553729105.553014,5
1553729105.657509,6
1553729105.763209,8
1553729105.868433,8
1553729105.973205,8
1553729106.078197,7
1553729106.183268,9
1553729106.288085,7
1553729106.393790,8
1553729106.498818,9
1553729106.603645,9
1553729106.709742,9
1553729106.814948,11
1553729106.919513,11
1553729107.024350,11
1553729107.129067,11
1553729107.234335,12
1553729107.339247,11
1553729107.443379,12
1553729107.548086,13
1553729107.654282,13
1553729107.759641,13
1553729107.865281,14
1553729107.969727,14
1553729108.076357,13
1553729108.181031,14
1553729108.286094,14
1553729108.391010,15
1553729108.495927,14
1553729108.601339,15
1553729108.707838,15
1553729108.812663,14
1553729108.917875,16
1553729109.023016,16
1553729109.127651,17
1553729109.233470,17
1553729109.339770,17
1553729109.444452,18
1553729109.549215,17
1553729109.654105,16
1553729109.758535,17
1553729109.863780,16
1553729109.968226,12
1553729110.073186,13
1553729110.178635,11
1553729110.283614,11
1553729110.388172,11
1553729110.493145,12
1553729110.598439,14
1553729110.703531,15
1553729110.809145,16
1553729110.914524,13
1553729111.020262,13
1553729111.124880,12
1553729111.229709,13
1553729111.334811,13
1553729111.441074,13
1553729111.545691,14
1553729111.651565,14
1553729111.756359,15
1553729111.860904,15
1553729111.965379,15
1553729112.071062,15
1553729112.175608,15
1553729112.280017,15
1553729112.385371,16
1553729112.489875,16
1553729112.594497,15
1553729112.699212,16
1553729112.804068,17
1553729112.909263,17
1553729113.013606,17
1553729113.118154,17
1553729113.223182,17
1553729113.332152,18
1553729113.436877,19
1553729113.542436,19
1553729113.648205,18
1553729113.753451,20
1553729113.859108,19
1553729113.963925,19
1553729114.069254,20
1553729114.174855,19
1553729114.279771,20
1553729114.385569,19
1553729114.490769,16
1553729114.595612,11
1553729114.701864,9
1553729114.807320,4
1553729114.912921,4
1553729115.018304,5
1553729115.123217,6
1553729115.227581,7
1553729115.332461,8
1553729115.437277,8
1553729115.542804,10
1553729115.647853,8
1553729115.753079,8
1553729115.857454,8
1553729115.962152,8
1553729116.067357,8
1553729116.172381,9
1553729116.276847,10
1553729116.382241,10
1553729116.486435,11
1553729116.592026,11
1553729116.697431,11
1553729116.802405,12
1553729116.907729,12
1553729117.013196,12
1553729117.117940,13
1553729117.223039,13
1553729117.328961,12
1553729117.434323,13
1553729117.539424,14
1553729117.644419,14
1553729117.749360,14
1553729117.854308,15
1553729117.960453,16
1553729118.064627,16
1553729118.169468,15
1553729118.273740,15
1553729118.378816,16
1553729118.483663,15
1553729118.588322,16
1553729118.695342,17
1553729118.801096,17
1553729118.905506,19
1553729119.010652,18
1553729119.115463,18
1553729119.219892,16
1553729119.324684,16
1553729119.429062,13
1553729119.533255,8
1553729119.637902,9
1553729119.742491,11
1553729119.847431,11
1553729119.953249,11
1553729120.057670,13
1553729120.162504,14
1553729120.267042,15
1553729120.372864,16
1553729120.477516,14
1553729120.582893,14
1553729120.687655,12
1553729120.792288,13
1553729120.897044,13
1553729121.002411,14
1553729121.107125,13
1553729121.212701,14
1553729121.317110,14
1553729121.422356,14
1553729121.527515,15
1553729121.632315,15
1553729121.736976,16
1553729121.842477,15
1553729121.947006,16
1553729122.052549,17
1553729122.157137,16
1553729122.262693,16
1553729122.368690,16
1553729122.474057,17
1553729122.580308,16
1553729122.684679,18
1553729122.789804,17
1553729122.894438,18
1553729122.999252,19
1553729123.103828,19
1553729123.208922,18
1553729123.313537,19
1553729123.418585,19
1553729123.523240,19
1553729123.628112,18
1553729123.732569,20
1553729123.837305,19
1553729123.942223,18
1553729124.047685,19
1553729124.152560,15
1553729124.256599,15
1553729124.361220,12
1553729124.465928,11
1553729124.571171,11
1553729124.675482,12
1553729124.780555,14
1553729124.884821,13
1553729124.990682,16
1553729125.095964,14
1553729125.201398,13
1553729125.306468,13
1553729125.412074,14
1553729125.517550,13
1553729125.622819,14
1553729125.727473,14
1553729125.832344,14
1553729125.936924,14
1553729126.041195,15
1553729126.145782,15
1553729126.251751,15
1553729126.356331,15
1553729126.461620,17
1553729126.566448,17
1553729126.670487,16
1553729126.774424,17
1553729126.879655,16
1553729126.985373,17
1553729127.091490,18
1553729127.196170,17
1553729127.300477,17
1553729127.405228,18
1553729127.510943,18
1553729127.615875,19
1553729127.721607,17
1553729127.826176,18
1553729127.931568,18
1553729128.036691,17
1553729128.141596,19
1553729128.248157,18
1553729128.353812,18
1553729128.458085,18
1553729128.562857,19
1553729128.667999,17
1553729128.772947,14
1553729128.879137,15
1553729128.984810,10
1553729129.089134,11
1553729129.194255,11
1553729129.299171,12
1553729129.404419,13
1553729129.509258,12
1553729129.614095,19
1553729129.719226,17
1553729129.824348,14
1553729129.930189,14
1553729130.036018,12
1553729130.141933,7
1553729130.247109,8
1553729130.352564,8
1553729130.457496,7
1553729130.562556,9
1553729130.667084,8
1553729130.773283,9
1553729130.877783,9
1553729130.982969,10
1553729131.088142,9
1553729131.193079,10
1553729131.297715,10
1553729131.401992,10
1553729131.507865,11
1553729131.613087,11
1553729131.718417,12
1553729131.823853,11
1553729131.928111,12
1553729132.033156,12
1553729132.138023,13
1553729132.242801,12
1553729132.347553,13
1553729132.452394,13
1553729132.556718,13
1553729132.661869,15
1553729132.771989,15
1553729132.876939,16
1553729132.982737,16
1553729133.087360,18
1553729133.192979,18
1553729133.298390,17
1553729133.402849,15
1553729133.507483,15
1553729133.612863,12
1553729133.717761,13
1553729133.823592,9
1553729133.928849,10
1553729134.033351,10
1553729134.138392,9
1553729134.243019,12
1553729134.347551,11
1553729134.453256,13
1553729134.558673,12
1553729134.664264,13
1553729134.768859,12
1553729134.874158,11
1553729134.979798,12
1553729135.084929,12
1553729135.189643,12
1553729135.295395,13
1553729135.400141,13
1553729135.504747,13
1553729135.612106,14
1553729135.717122,15
1553729135.821629,14
1553729135.926608,15
1553729136.030916,15
1553729136.135285,15
1553729136.240248,15
1553729136.345924,16
1553729136.450680,16
1553729136.555759,15
1553729136.660327,17
1553729136.765024,17
1553729136.870110,18
1553729136.974707,18
1553729137.080190,17
1553729137.185819,17
1553729137.291255,17
1553729137.396143,18
1553729137.502634,19
1553729137.607424,18
1553729137.713363,18
1553729137.818066,18
1553729137.922513,18
1553729138.028041,18
1553729138.133168,13
1553729138.237739,13
1553729138.342831,9
1553729138.447311,10
1553729138.552363,12
1553729138.657005,12
1553729138.761437,12
1553729138.866250,13
1553729138.971269,13
1553729139.076492,13
1553729139.181962,14
1553729139.286380,14
1553729139.390980,17
1553729139.496061,17
1553729139.602145,14
1553729139.708436,15
1553729139.813527,14
1553729139.918110,14
1553729140.023667,15
1553729140.129440,15
1553729140.234346,15
1553729140.339715,15
1553729140.444891,16
1553729140.550231,17
1553729140.655228,16
1553729140.760226,16
1553729140.865618,18
1553729140.970284,18
1553729141.074205,17
1553729141.178912,18
1553729141.283849,18
1553729141.388504,18
1553729141.493934,19
1553729141.598581,18
1553729141.703506,18
1553729141.808187,19
1553729141.913383,20
1553729142.018554,19
1553729142.125058,18
1553729142.230303,20
1553729142.335493,19
1553729142.441170,19
1553729142.545781,20
1553729142.650880,16
1553729142.755432,20
1553729142.859848,15
1553729142.964542,10
1553729143.069289,10
1553729143.173734,10
1553729143.278384,11
1553729143.383902,12
1553729143.488150,13
1553729143.592549,12
1553729143.697886,13
1553729143.803676,14
1553729143.908442,16
1553729144.014078,15
1553729144.122628,16
1553729144.227363,16
1553729144.333321,17
1553729144.438326,14
1553729144.543096,15
1553729144.647621,15
1553729144.753075,15
1553729144.860022,16
1553729144.966620,16
1553729145.071417,15
1553729145.177026,16
1553729145.281257,16
1553729145.390082,18
1553729145.494847,17
1553729145.599587,17
1553729145.704648,17
1553729145.808652,16
1553729145.912737,18
1553729146.018161,18
1553729146.123773,18
1553729146.228503,18
1553729146.333354,18
1553729146.437863,20
1553729146.542781,18
1553729146.648094,18
1553729146.753311,20
1553729146.857858,19
1553729146.963355,19
1553729147.069470,16
1553729147.173728,16
1553729147.278443,13
1553729147.382855,20
1553729147.487452,19
1553729147.592827,12
1553729147.698728,10
1553729147.803808,6
1553729147.908659,7
1553729148.012935,7
1553729148.117517,6
1553729148.221640,8
1553729148.325636,9
1553729148.431478,8
1553729148.535495,8
1553729148.641391,9
1553729148.746092,9
1553729148.851283,9
1553729148.956003,10
1553729149.062259,10
1553729149.166907,10
1553729149.273359,11
1553729149.378382,12
1553729149.484303,13
1553729149.589251,12
1553729149.694048,13
1553729149.800310,14
1553729149.905561,14
1553729150.010314,13
1553729150.114733,14
1553729150.219646,14
1553729150.325612,14
1553729150.431375,14
1553729150.536303,15
1553729150.642226,14
1553729150.746877,15
1553729150.852228,15
1553729150.957232,14
1553729151.062676,15
1553729151.167668,16
1553729151.273394,17
1553729151.378132,17
1553729151.483335,18
1553729151.588729,18
1553729151.693699,18
1553729151.798078,17
1553729151.903361,16
1553729152.013738,15
1553729152.118213,12
1553729152.223632,13
1553729152.328587,9
1553729152.433341,10
1553729152.538178,11
1553729152.642776,13
1553729152.746626,13
1553729152.851473,12
1553729152.955759,15
1553729153.060066,13
1553729153.164385,13
1553729153.271588,12
1553729153.376749,12
1553729153.482480,13
1553729153.587526,12
1553729153.691955,13
1553729153.797571,14
1553729153.902040,14
1553729154.006786,14
1553729154.111996,16
1553729154.216855,15
1553729154.321250,14
1553729154.425516,15
1553729154.530123,15
1553729154.639959,17
1553729154.745916,16
1553729154.851238,16
1553729154.956139,17
1553729155.060438,15
1553729155.165065,17
1553729155.271511,17
1553729155.377414,17
1553729155.482744,17
1553729155.587547,17
1553729155.691975,18
1553729155.795779,17
1553729155.899965,19
1553729156.004266,19
1553729156.108209,19
1553729156.216914,19
1553729156.321426,19
1553729156.425923,19
1553729156.530017,19
1553729156.634228,17
1553729156.738869,12
1553729156.843232,11
1553729156.947687,9
1553729157.052515,10
1553729157.157311,11
1553729157.262594,10
1553729157.367896,13
1553729157.472239,12
1553729157.580129,14
1553729157.685456,13
1553729157.790066,15
1553729157.894793,17
1553729157.999135,16
1553729158.103941,14
1553729158.210396,15
1553729158.315899,14
1553729158.421007,14
1553729158.525526,14
1553729158.631413,15
1553729158.735879,15
1553729158.842369,16
1553729158.947246,16
1553729159.053143,16
1553729159.157630,15
1553729159.262457,17
1553729159.368246,16
1553729159.472959,15
1553729159.578214,16
1553729159.682687,18
1553729159.788227,17
1553729159.892606,17
1553729159.997704,17
1553729160.102864,18
1553729160.206721,17
1553729160.310606,18
1553729160.415228,18
1553729160.521099,18
1553729160.625692,18
1553729160.731110,19
1553729160.837274,18
1553729160.942368,18
1553729161.046797,19
1553729161.153582,18
1553729161.258174,15
1553729161.362933,19
1553729161.467620,12
1553729161.572315,6
1553729161.677705,1
1553729161.783344,2
1553729161.887710,3
1553729161.992752,4
1553729162.098251,6
1553729162.203395,6
1553729162.307635,6
1553729162.413843,6
1553729162.519794,6
1553729162.625437,7
1553729162.730119,8
1553729162.834959,8
1553729162.939905,9
1553729163.044358,8
1553729163.149593,9
1553729163.254776,9
1553729163.359087,9
1553729163.463848,10
1553729163.569885,10
1553729163.674521,10
1553729163.779480,11
1553729163.886185,11
1553729163.991120,11
1553729164.095850,11
1553729164.201182,13
1553729164.305671,12
1553729164.410404,12
1553729164.515242,15
1553729164.620977,13
1553729164.727223,14
1553729164.833179,14
1553729164.939034,15
1553729165.043885,14
1553729165.153089,15
1553729165.258328,16
1553729165.363568,17
1553729165.469107,19
1553729165.574574,18
1553729165.679837,15
1553729165.784695,15
1553729165.889733,14
1553729165.994206,12
1553729166.099387,13
1553729166.203935,11
1553729166.307687,10
1553729166.413143,10
1553729166.517872,10
1553729166.622612,9
1553729166.727297,10
1553729166.833433,10
1553729166.939198,10
1553729167.044023,10
1553729167.149408,12
1553729167.254218,12
1553729167.359288,12
1553729167.463778,14
1553729167.568444,13
1553729167.673156,13
1553729167.778818,13
1553729167.883605,14
1553729167.988283,14
1553729168.093064,14
1553729168.197872,15
1553729168.303865,15
1553729168.408194,15
1553729168.512300,15
1553729168.617214,15
1553729168.722731,16
1553729168.827875,16
1553729168.932492,16
1553729169.037203,17
1553729169.142027,16
1553729169.247078,17
1553729169.353446,18
1553729169.458557,18
1553729169.563677,18
1553729169.668480,18
1553729169.775428,18
1553729169.880335,17
1553729169.985482,17
1553729170.090813,17
1553729170.194942,17
1553729170.299520,14
1553729170.404375,15
1553729170.509446,11
1553729170.615304,11
1553729170.720749,11
1553729170.825524,13
1553729170.930002,16
1553729171.034899,16
1553729171.139652,15
1553729171.244569,16
1553729171.350739,12
1553729171.455538,13
1553729171.560089,13
1553729171.664885,13
1553729171.769506,13
1553729171.874804,14
1553729171.979984,14
1553729172.084555,14
1553729172.188244,14
1553729172.293748,15
1553729172.398874,15
1553729172.504420,15
1553729172.610701,16
1553729172.715646,16
1553729172.820953,16
1553729172.926062,16
1553729173.032028,17
1553729173.136939,17
1553729173.241356,16
1553729173.345957,18
1553729173.450311,18
1553729173.557232,17
1553729173.662521,19
1553729173.768230,19
1553729173.873396,19
1553729173.978581,19
1553729174.083586,19
1553729174.188609,19
1553729174.294272,18
1553729174.398958,19
1553729174.503728,19
1553729174.610077,19
1553729174.715801,18
1553729174.820321,16
1553729174.925547,15
1553729175.031419,13
1553729175.136094,11
1553729175.241992,10
1553729175.346591,11
1553729175.451944,13
1553729175.557642,13
1553729175.662989,14
1553729175.767910,13
1553729175.873290,14
1553729175.978469,15
1553729176.083390,17
1553729176.188348,16
1553729176.294027,16
1553729176.398774,14
1553729176.503570,15
1553729176.607930,15
1553729176.711887,15
1553729176.816361,15
1553729176.921798,15
1553729177.027255,16
1553729177.132109,16
1553729177.236855,16
1553729177.342223,16
1553729177.446838,16
1553729177.551601,17
1553729177.656556,16
1553729177.761423,17
1553729177.866216,17
1553729177.972009,17
1553729178.077763,18
1553729178.183180,18
1553729178.287944,19
1553729178.392952,19
1553729178.497790,18
1553729178.602265,18
1553729178.706898,18
1553729178.811299,18
1553729178.916055,19
1553729179.021365,19
1553729179.126668,19
1553729179.233079,15
1553729179.337762,15
1553729179.443194,13
1553729179.548975,11
1553729179.654470,19
1553729179.760036,19
1553729179.864788,12
1553729179.971169,11
1553729180.076175,5
1553729180.181629,6
1553729180.286322,6
1553729180.391269,6
1553729180.495596,7
1553729180.600358,7
1553729180.705246,8
1553729180.809303,8
1553729180.913884,9
1553729181.018451,9
1553729181.124035,10
1553729181.229078,10
1553729181.334046,10
1553729181.440531,10
1553729181.545391,11
1553729181.649952,11
1553729181.755328,13
1553729181.860390,12
1553729181.964835,13
1553729182.070447,13
1553729182.176301,13
1553729182.282094,14
1553729182.386662,14
1553729182.492245,14
1553729182.597144,14
1553729182.702111,14
1553729182.807824,14
1553729182.912872,15
1553729183.016964,16
1553729183.121134,19
1553729183.225735,18
1553729183.331057,19
1553729183.435854,14
1553729183.542703,14
1553729183.647291,13
1553729183.753458,11
1553729183.859933,9
1553729183.965194,9
1553729184.071055,9
1553729184.176938,11
1553729184.282199,12
1553729184.387495,12
1553729184.492827,10
1553729184.597838,11
1553729184.702746,10
1553729184.807459,11
1553729184.911976,12
1553729185.018961,12
1553729185.123644,12
1553729185.229055,13
1553729185.333649,13
1553729185.438738,13
1553729185.544479,13
1553729185.648919,14
1553729185.753844,14
1553729185.859393,14
1553729185.963812,14
1553729186.069312,15
1553729186.174170,14
1553729186.278860,16
1553729186.383329,15
1553729186.488877,15
1553729186.594073,15
1553729186.698755,16
1553729186.805165,16
1553729186.911530,16
1553729187.016509,16
1553729187.122335,18
1553729187.228004,17
1553729187.332316,17
1553729187.445918,18
1553729187.551205,19
1553729187.656239,18
1553729187.761312,20
1553729187.866031,19
1553729187.971257,19
1553729188.076377,17
1553729188.180566,13
1553729188.284981,12
1553729188.390723,9
1553729188.495799,8
1553729188.599961,10
1553729188.704916,10
1553729188.811465,10
1553729188.917224,11
1553729189.022643,14
1553729189.128014,14
1553729189.231893,15
1553729189.336439,12
1553729189.441929,14
1553729189.546568,11
1553729189.651224,13
1553729189.755863,14
1553729189.860817,14
1553729189.965877,12
1553729190.071005,15
1553729190.176843,14
1553729190.281534,14
1553729190.386538,15
1553729190.491941,15
1553729190.596575,14
1553729190.702704,15
1553729190.807645,16
1553729190.912679,17
1553729191.017333,16
1553729191.122331,17
1553729191.227746,17
1553729191.332572,17
1553729191.438318,17
1553729191.544568,18
1553729191.648830,17
1553729191.753387,17
1553729191.859358,18
1553729191.963879,19
1553729192.068383,18
1553729192.173692,18
1553729192.277952,19
1553729192.382942,18
1553729192.487822,19
1553729192.592610,18
1553729192.697909,18
1553729192.801842,18
1553729192.905835,14
1553729193.010771,13
1553729193.115432,14
1553729193.220095,14
1553729193.325017,9
1553729193.429405,11
1553729193.534058,12
1553729193.638896,13
1553729193.744620,13
1553729193.849005,14
1553729193.953638,15
1553729194.058210,15
1553729194.162915,17
1553729194.268326,18
1553729194.373267,14
1553729194.478011,15
1553729194.583217,14
1553729194.687656,14
1553729194.792265,14
1553729194.897148,15
1553729195.002160,15
1553729195.106614,15
1553729195.211869,17
1553729195.317353,16
1553729195.422597,15
1553729195.527269,16
1553729195.632141,16
1553729195.737055,17
1553729195.842787,16
1553729195.947506,17
1553729196.052581,17
1553729196.158689,17
1553729196.263465,17
1553729196.368288,18
1553729196.472936,19
1553729196.577588,19
1553729196.682957,19
1553729196.788159,19
1553729196.893742,19
1553729196.998284,19
1553729197.103293,20
1553729197.207958,19
1553729197.312566,19
1553729197.416363,19
1553729197.520559,17
1553729197.626236,18
1553729197.730908,16
1553729197.835816,8
1553729197.941431,5
1553729198.046428,5
1553729198.152120,6
1553729198.257202,7
1553729198.361458,7
1553729198.465787,7
1553729198.571762,9
1553729198.676491,9
1553729198.781596,8
1553729198.886693,8
1553729198.991143,9
1553729199.095626,9
1553729199.200233,9
1553729199.305156,9
1553729199.410868,10
1553729199.515389,10
1553729199.619782,10
1553729199.724255,12
1553729199.828937,11
1553729199.933548,12
1553729200.038348,13
1553729200.143253,13
1553729200.248112,13
1553729200.352957,15
1553729200.458655,14
1553729200.564273,14
1553729200.669738,15
1553729200.774231,15
1553729200.878542,15
1553729200.983237,14
1553729201.087310,15
1553729201.192704,15
1553729201.297334,16
1553729201.402214,15
1553729201.507149,16
1553729201.612109,16
1553729201.716831,18
1553729201.822414,18
1553729201.927786,20
1553729202.032847,18
1553729202.138081,18
1553729202.242762,15
1553729202.347865,15
1553729202.453201,11
1553729202.558161,11
1553729202.663024,11
1553729202.767373,11
1553729202.872334,12
1553729202.977311,12
1553729203.082450,13
1553729203.186843,13
1553729203.291325,14
1553729203.395308,14
1553729203.499695,13
1553729203.604175,12
1553729203.709461,12
1553729203.814261,13
1553729203.918297,13
1553729204.023141,13
1553729204.127527,14
1553729204.232659,14
1553729204.337324,14
1553729204.442644,14
1553729204.547374,15
1553729204.652196,14
1553729204.758213,15
1553729204.863132,15
1553729204.968433,16
1553729205.073194,15
1553729205.178034,16
1553729205.283255,16
1553729205.387984,15
1553729205.493369,18
1553729205.597927,17
1553729205.702507,17
1553729205.808131,17
1553729205.912865,17
1553729206.018775,18
1553729206.123466,17
1553729206.228672,19
1553729206.333070,19
1553729206.439534,19
1553729206.544707,19
1553729206.649923,19
1553729206.755007,19
1553729206.861136,18
1553729206.965742,18
1553729207.071140,18
1553729207.176497,14
1553729207.281391,15
1553729207.385969,10
1553729207.489681,12
1553729207.593921,17
1553729207.698835,18
1553729207.804119,15
1553729207.909329,13
1553729208.015750,11
1553729208.120582,12
1553729208.225501,12
1553729208.330200,12
1553729208.436797,13
1553729208.543518,12
1553729208.649532,14
1553729208.754547,13
1553729208.860603,14
1553729208.966992,14
1553729209.072344,15
1553729209.176871,14
1553729209.281932,15
1553729209.386859,15
1553729209.492847,15
1553729209.597707,16
1553729209.702158,17
1553729209.806858,16
1553729209.911313,17
1553729210.015655,19
1553729210.121509,18
1553729210.226824,17
1553729210.332625,19
1553729210.437908,18
1553729210.543951,19
1553729210.648610,20
1553729210.754227,18
1553729210.860155,20
1553729210.965346,20
1553729211.070312,18
1553729211.175874,19
1553729211.281720,18
1553729211.386787,18
1553729211.491994,13
1553729211.596387,11
1553729211.701189,3
1553729211.805845,3
1553729211.910482,3
1553729212.014628,4
1553729212.119892,6
1553729212.226197,10
1553729212.331699,11
1553729212.437200,9
1553729212.543780,8
1553729212.648066,8
1553729212.753028,8
1553729212.859010,8
1553729212.963906,8
1553729213.069228,9
1553729213.174663,9
1553729213.279070,10
1553729213.384212,10
1553729213.490335,12
1553729213.594898,10
1553729213.699906,11
1553729213.804589,11
1553729213.909301,11
1553729214.013370,12
1553729214.117983,12
1553729214.222435,12
1553729214.327650,13
1553729214.432707,13
1553729214.537194,14
1553729214.641562,13
1553729214.746150,14
1553729214.851611,15
1553729214.956925,15
1553729215.062071,15
1553729215.166910,15
1553729215.271989,17
1553729215.376971,15
1553729215.481548,17
1553729215.586163,18
1553729215.691157,18
1553729215.795752,19
1553729215.900205,19
1553729216.005541,17
1553729216.110991,14
1553729216.215618,13
1553729216.321242,11
1553729216.426760,10
1553729216.531391,9
1553729216.635969,10
1553729216.741915,11
1553729216.846613,10
1553729216.951784,12
1553729217.056670,11
1553729217.162602,13
1553729217.268204,11
1553729217.373667,12
1553729217.478303,11
1553729217.584926,12
1553729217.691658,12
1553729217.796312,12
1553729217.901027,12
1553729218.005961,12
1553729218.111650,12
1553729218.216216,14
1553729218.322174,14
1553729218.427135,14
1553729218.532428,15
1553729218.637200,15
1553729218.743532,15
1553729218.849045,15
1553729218.955143,16
1553729219.059913,15
1553729219.164656,16
1553729219.269659,16
1553729219.374757,16
1553729219.479508,16
1553729219.585752,17
1553729219.690499,17
1553729219.794806,17
1553729219.899494,18
1553729220.004392,18
1553729220.109078,18
1553729220.214114,17
1553729220.319016,18
1553729220.425410,18
1553729220.530055,19
1553729220.634396,18
1553729220.739038,19
1553729220.843503,13
1553729220.948111,16
1553729221.053040,11
1553729221.157682,11
1553729221.262280,11
1553729221.367092,11
1553729221.472470,13
1553729221.577476,13
1553729221.682439,13
1553729221.787776,13
1553729221.893294,15
1553729221.998694,15
1553729222.104727,17
1553729222.211188,18
1553729222.315530,15
1553729222.419990,14
1553729222.524829,14
1553729222.629596,15
1553729222.734739,15
1553729222.839522,14
1553729222.944582,15
1553729223.049661,15
1553729223.154578,15
1553729223.260947,15
1553729223.366308,16
1553729223.472747,16
1553729223.577348,16
1553729223.681806,18
1553729223.788257,18
1553729223.893892,17
1553729223.998481,18
1553729224.104254,18
1553729224.209688,19
1553729224.314360,18
1553729224.418896,19
1553729224.524219,19
1553729224.628725,19
1553729224.733329,19
1553729224.840722,19
1553729224.945940,19
1553729225.050738,19
1553729225.157005,18
1553729225.269272,18
1553729225.374262,17
1553729225.478620,15
1553729225.583729,16
1553729225.688413,8
1553729225.793159,9
1553729225.897736,4
1553729226.004278,5
1553729226.108569,6
1553729226.213277,6
1553729226.317910,9
1553729226.423782,10
1553729226.528612,11
1553729226.634113,10
1553729226.740242,9
1553729226.845356,8
1553729226.950235,10
1553729227.056738,10
1553729227.161670,10
1553729227.266065,11
1553729227.369952,11
1553729227.474957,12
1553729227.579376,11
1553729227.684248,12
1553729227.788935,13
1553729227.893545,13
1553729227.998339,13
1553729228.103726,13
1553729228.208565,14
1553729228.313406,14
1553729228.417884,15
1553729228.523334,14
1553729228.629070,16
1553729228.733887,15
1553729228.839127,15
1553729228.944259,15
1553729229.050020,15
1553729229.155252,15
1553729229.261220,16
1553729229.366408,17
1553729229.472092,17
1553729229.583195,18
1553729229.688591,19
1553729229.793810,18
1553729229.898615,20
1553729230.003572,19
1553729230.110040,19
1553729230.214595,15
1553729230.319349,15
1553729230.424310,15
1553729230.529168,14
1553729230.633373,8
1553729230.738008,9
1553729230.843723,9
1553729230.948442,10
1553729231.053438,9
1553729231.158782,12
1553729231.264327,14
1553729231.369180,14
1553729231.474946,12
1553729231.580084,12
1553729231.686304,11
1553729231.791255,11
1553729231.895250,13
1553729231.999999,12
1553729232.105699,12
1553729232.210601,13
1553729232.315072,13
1553729232.419798,13
1553729232.525397,14
1553729232.630326,14
1553729232.734944,15
1553729232.839815,14
1553729232.944853,16
1553729233.050827,15
1553729233.157205,16
1553729233.262339,16
1553729233.368151,17
1553729233.472860,17
1553729233.577631,16
1553729233.682795,17
1553729233.787810,17
1553729233.893073,16
1553729233.997371,17
1553729234.101940,19
1553729234.207025,18
1553729234.311851,18
1553729234.421782,18
1553729234.526941,18
1553729234.631401,18
1553729234.736022,18
1553729234.841633,18
1553729234.946582,18
1553729235.052604,13
1553729235.157603,13
1553729235.262861,9
1553729235.368098,10
1553729235.473052,11
1553729235.577671,12
1553729235.682405,12
1553729235.786771,12
1553729235.891860,13
1553729235.996725,13
1553729236.101917,14
1553729236.207038,14
1553729236.311967,17
1553729236.417384,17
1553729236.521926,15
1553729236.630939,15
1553729236.735850,14
1553729236.841925,13
1553729236.946814,14
1553729237.051971,15
1553729237.156192,15
1553729237.261557,15
1553729237.366614,17
1553729237.472668,16
1553729237.577202,15
1553729237.682724,16
1553729237.786842,16
1553729237.892651,17
1553729237.997202,16
1553729238.102237,17
1553729238.208532,18
1553729238.313453,17
1553729238.418372,19
1553729238.523358,19
1553729238.628001,19
1553729238.733135,19
1553729238.838311,19
1553729238.943807,19
1553729239.048912,18
1553729239.154265,19
1553729239.260027,19
1553729239.365833,18
1553729239.472353,20
1553729239.577450,15
1553729239.682050,20
1553729239.786897,12
1553729239.892135,3
1553729239.996928,1
1553729240.102418,2
1553729240.208509,4
1553729240.313465,5
1553729240.418328,6
1553729240.524579,7
1553729240.629439,7
1553729240.735567,6
1553729240.841068,7
1553729240.945800,7
1553729241.050334,8
1553729241.155510,10
1553729241.260171,10
1553729241.364730,10
1553729241.469991,10
1553729241.576633,11
1553729241.681255,11
1553729241.785712,11
1553729241.890813,13
1553729241.995664,12
1553729242.100683,12
1553729242.205351,13
1553729242.311255,13
1553729242.416323,13
1553729242.522064,13
1553729242.627288,14
1553729242.732331,13
1553729242.837848,14
1553729242.943758,14
1553729243.048450,14
1553729243.153803,14
1553729243.258529,15
1553729243.363354,15
1553729243.467975,15
1553729243.574057,15
1553729243.678493,17
1553729243.783257,17
1553729243.888574,18
1553729243.994363,18
1553729244.099124,19
1553729244.205254,14
1553729244.310169,15
1553729244.415063,12
1553729244.519723,14
1553729244.625328,10
1553729244.730688,9
1553729244.835218,10
1553729244.941043,10
1553729245.045693,12
1553729245.151580,12
1553729245.256756,13
1553729245.362224,12
1553729245.467603,12
1553729245.572224,12
1553729245.676741,12
1553729245.781778,12
1553729245.886550,14
1553729245.992035,13
1553729246.096560,12
1553729246.201302,13
1553729246.306293,14
1553729246.412628,15
1553729246.517379,14
1553729246.623506,14
1553729246.728141,15
1553729246.832951,14
1553729246.938620,15
1553729247.043691,15
1553729247.148265,15
1553729247.253362,15
1553729247.358395,16
1553729247.463193,16
1553729247.567787,16
1553729247.671709,17
1553729247.777071,18
1553729247.882271,17
1553729247.987394,18
1553729248.092312,18
1553729248.196874,18
1553729248.301104,18
1553729248.405728,19
1553729248.509988,19
1553729248.614660,19
1553729248.718806,19
1553729248.823608,20
1553729248.927770,19
1553729249.032278,18
1553729249.138599,19
1553729249.243206,19
1553729249.347810,17
1553729249.452865,16
1553729249.557807,13
1553729249.662496,11
1553729249.766879,12
1553729249.870805,12
1553729249.975962,14
1553729250.080926,13
1553729250.186125,13
1553729250.293378,13
1553729250.398192,13
1553729250.503824,12
1553729250.609276,12
1553729250.713538,12
1553729250.817842,13
1553729250.924266,12
1553729251.028996,14
1553729251.133447,14
1553729251.238568,16
1553729251.343540,15
1553729251.448224,15
1553729251.554002,16
1553729251.661315,16
1553729251.765907,16
1553729251.872148,16
1553729251.977734,15
1553729252.081952,16
1553729252.187414,18
1553729252.293577,17
1553729252.398005,16
1553729252.502833,17
1553729252.608945,17
1553729252.713708,16
1553729252.820695,19
1553729252.926502,18
1553729253.031654,19
1553729253.136649,19
1553729253.242442,18
1553729253.347108,19
1553729253.451798,18
1553729253.557648,19
1553729253.662178,20
1553729253.766881,19
1553729253.871984,16
1553729253.977129,10
1553729254.082173,7
1553729254.186596,6
1553729254.292376,7
1553729254.398668,7
1553729254.504046,9
1553729254.608688,11
1553729254.713554,11
1553729254.818186,9
1553729254.924041,9
1553729255.028442,8
1553729255.133650,8
1553729255.239276,9
1553729255.344282,9
1553729255.448898,9
1553729255.554726,10
1553729255.660615,11
1553729255.765170,10
1553729255.870633,11
1553729255.975471,11
1553729256.080102,11
1553729256.184231,12
1553729256.289652,12
1553729256.394157,13
1553729256.498872,13
1553729256.604157,13
1553729256.708451,14
1553729256.813863,13
1553729256.918570,14
1553729257.023419,15
1553729257.128413,15
1553729257.233159,15
1553729257.338755,15
1553729257.444084,16
1553729257.548540,15
1553729257.653533,16
1553729257.759073,16
1553729257.863619,16
1553729257.969053,17
1553729258.074495,19
1553729258.179397,20
1553729258.284361,18
1553729258.389893,18
1553729258.494707,15
1553729258.600477,15
1553729258.705268,13
1553729258.809955,14
1553729258.915226,9
1553729259.020462,9
1553729259.124904,10
1553729259.229898,11
1553729259.335721,11
1553729259.442185,12
1553729259.547782,14
1553729259.653282,14
1553729259.758637,13
1553729259.863335,12
1553729259.968401,12
1553729260.073727,13
1553729260.178423,12
1553729260.283499,12
1553729260.387987,13
1553729260.492910,13
1553729260.598050,13
1553729260.703379,14
1553729260.808129,14
1553729260.913070,14
1553729261.018320,15
1553729261.123689,15
1553729261.228384,14
1553729261.333052,15
1553729261.437187,17
1553729261.541777,16
1553729261.646271,15
1553729261.751175,16
1553729261.855592,16
1553729261.961105,16
1553729262.065299,16
1553729262.170135,17
1553729262.275970,18
1553729262.380199,18
1553729262.486124,19
1553729262.592142,19
1553729262.696400,19
1553729262.801348,19
1553729262.906404,19
1553729263.010929,19
1553729263.115588,19
1553729263.221567,19
1553729263.326162,16
1553729263.431033,14
1553729263.537197,14
1553729263.642867,16
1553729263.747448,10
1553729263.852583,10
1553729263.957101,11
1553729264.061893,12
1553729264.167065,12
1553729264.271794,14
1553729264.376428,14
1553729264.481281,17
1553729264.586929,17
1553729264.692407,14
1553729264.797188,15
1553729264.902791,13
1553729265.007659,13
1553729265.113194,14
1553729265.217833,15
1553729265.323410,14
1553729265.429297,16
1553729265.535022,15
1553729265.641107,17
1553729265.745594,15
1553729265.850569,16
1553729265.958077,16
1553729266.064398,15
1553729266.169706,17
1553729266.275410,17
1553729266.381237,17
1553729266.486589,17
1553729266.592644,18
1553729266.697701,18
1553729266.802834,17
1553729266.907978,18
1553729267.013836,18
1553729267.119100,18
1553729267.224161,18
1553729267.328475,18
1553729267.432867,18
1553729267.537606,18
1553729267.642996,18
1553729267.747680,19
1553729267.852868,16
1553729267.960330,17
1553729268.066168,11
1553729268.172812,9
1553729268.282909,6
1553729268.390181,5
1553729268.496418,5
1553729268.600889,6
1553729268.705820,7
1553729268.811765,10
1553729268.916415,9
1553729269.026331,8
1553729269.131768,8
1553729269.236930,8
1553729269.342217,9
1553729269.447118,9
1553729269.551963,9
1553729269.657178,10
1553729269.762744,9
1553729269.867461,10
1553729269.973285,11
1553729270.078016,11
1553729270.183083,11
1553729270.287843,12
1553729270.392844,13
1553729270.497617,12
1553729270.603083,13
1553729270.707607,13
1553729270.812303,13
1553729270.916911,13
1553729271.022456,13
1553729271.127902,16
1553729271.232612,14
1553729271.337574,15
1553729271.444460,15
1553729271.549111,15
1553729271.654021,15
1553729271.759277,16
1553729271.863707,17
1553729271.969976,17
1553729272.074838,17
1553729272.179454,19
1553729272.284507,18
1553729272.390225,16
1553729272.494910,16
1553729272.599733,16
1553729272.704033,13
1553729272.809679,13
1553729272.914704,9
1553729273.019057,11
1553729273.124055,10
1553729273.228746,11
1553729273.333844,12
1553729273.439261,11
1553729273.544459,14
1553729273.649880,13
1553729273.754590,12
1553729273.859396,12
1553729273.963714,12
1553729274.067756,13
1553729274.172482,12
1553729274.277290,12
1553729274.382448,15
1553729274.487003,13
1553729274.591877,14
1553729274.698015,16
1553729274.803043,15
1553729274.907355,15
1553729275.011876,15
1553729275.117182,15
1553729275.222092,16
1553729275.326319,15
1553729275.431626,16
1553729275.536690,16
1553729275.642268,16
1553729275.747221,16
1553729275.851921,17
1553729275.957403,18
1553729276.063358,17
1553729276.168648,17
1553729276.274389,18
1553729276.379463,17
1553729276.484472,18
1553729276.588677,19
1553729276.694555,19
1553729276.801052,18
1553729276.905757,19
1553729277.011211,19
1553729277.116181,19
1553729277.221508,19
1553729277.325587,12
1553729277.430341,10
1553729277.535251,6
1553729277.640914,4
1553729277.745798,4
1553729277.851964,5
1553729277.957503,5
1553729278.062848,7
1553729278.167992,9
1553729278.273798,10
1553729278.378647,8
1553729278.482945,7
1553729278.587398,8
1553729278.691869,8
1553729278.796663,8
1553729278.902299,9
1553729279.007011,10
1553729279.112339,9
1553729279.217343,10
1553729279.322956,10
1553729279.427571,10
1553729279.533066,11
1553729279.637758,11
1553729279.742899,11
1553729279.848218,11
1553729279.953321,12
1553729280.058186,12
1553729280.163120,12
1553729280.267920,13
1553729280.373832,13
1553729280.479275,13
1553729280.583670,14
1553729280.688751,15
1553729280.793553,15
1553729280.897803,15
1553729281.003712,16
1553729281.110003,17
1553729281.214999,16
1553729281.320170,17
1553729281.424725,18
1553729281.528783,18
1553729281.633467,17
1553729281.739133,18
1553729281.844040,19
1553729281.950030,14
1553729282.055167,15
1553729282.160275,12
1553729282.265017,12
1553729282.370466,9
1553729282.474882,8
1553729282.581044,10
1553729282.685353,10
1553729282.790855,10
1553729282.896859,12
1553729283.001828,13
1553729283.106233,12
1553729283.210713,12
1553729283.315856,13
1553729283.420879,12
1553729283.526080,11
1553729283.630636,14
1553729283.735348,12
1553729283.840768,12
1553729283.945628,12
1553729284.051673,13
1553729284.156751,13
1553729284.262483,14
1553729284.367249,14
1553729284.472074,15
1553729284.577980,16
1553729284.683087,15
1553729284.787725,17
1553729284.893197,16
1553729284.998340,17
1553729285.102989,17
1553729285.207590,16
1553729285.312978,16
1553729285.418053,17
1553729285.523656,18
1553729285.628662,18
1553729285.732811,17
1553729285.839162,19
1553729285.943551,18
1553729286.048334,18
1553729286.153412,18
1553729286.258449,18
1553729286.363784,17
1553729286.468820,18
1553729286.573356,18
1553729286.678438,18
1553729286.783783,12
1553729286.888245,14
1553729286.993435,9
1553729287.098041,9
1553729287.203442,11
1553729287.307975,12
1553729287.411884,13
1553729287.515403,13
1553729287.621356,13
1553729287.726123,14
1553729287.831283,14
1553729287.936642,15
1553729288.041111,18
1553729288.145799,18
1553729288.251286,15
1553729288.356266,14
1553729288.461782,14
1553729288.566867,14
1553729288.672632,14
1553729288.777701,15
1553729288.883073,15
1553729288.987831,15
1553729289.092606,15
1553729289.197073,16
1553729289.302002,16
1553729289.407209,16
1553729289.512354,16
1553729289.617314,17
1553729289.722935,16
1553729289.827234,17
1553729289.932558,18
1553729290.039194,18
1553729290.144267,18
1553729290.248893,19
1553729290.355012,19
1553729290.461492,18
1553729290.566487,19
1553729290.672038,19
1553729290.777025,20
1553729290.882368,20
1553729290.987254,19
1553729291.093075,19
1553729291.198330,20
1553729291.303922,19
1553729291.409676,19
1553729291.514659,19
1553729291.618880,19
1553729291.723998,18
1553729291.829353,12
1553729291.933761,12
1553729292.038517,8
1553729292.144009,5
1553729292.249413,4
1553729292.354424,4
1553729292.460466,5
1553729292.565360,6
1553729292.671559,6
1553729292.775816,8
1553729292.880347,8
1553729292.985521,9
1553729293.090358,7
1553729293.194859,8
1553729293.299809,10
1553729293.404061,10
1553729293.510406,10
1553729293.614827,10
1553729293.720158,11
1553729293.825854,11
1553729293.931107,11
1553729294.035440,12
1553729294.140125,12
1553729294.245355,12
1553729294.350425,13
1553729294.456601,13
1553729294.561968,13
1553729294.667137,13
1553729294.772688,14
1553729294.878790,13
1553729294.984947,14
1553729295.090426,14
1553729295.195391,15
1553729295.301461,14
1553729295.406970,15
1553729295.513024,15
1553729295.617697,15
1553729295.722685,15
1553729295.826857,16
1553729295.932539,18
1553729296.037607,18
1553729296.143258,17
1553729296.248155,18
1553729296.353281,18
1553729296.457588,17
1553729296.562770,17
1553729296.668022,16
1553729296.773711,13
1553729296.879162,13
1553729296.984432,10
1553729297.089399,10
1553729297.193144,11
1553729297.298280,13
1553729297.402826,15
1553729297.506607,12
1553729297.611025,16
1553729297.715824,13
1553729297.819943,13
1553729297.923999,13
1553729298.028332,12
1553729298.132751,13
1553729298.237647,13
1553729298.342467,13
1553729298.447367,14
1553729298.551891,14
1553729298.656344,14
1553729298.760477,15
1553729298.864421,16
1553729298.970244,15
1553729299.075015,15
1553729299.180464,15
1553729299.286080,16
1553729299.390900,15
1553729299.495605,16
1553729299.599862,16
1553729299.704420,16
1553729299.808806,17
1553729299.913348,17
1553729300.019413,17
1553729300.124240,17
1553729300.229210,18
1553729300.334387,18
1553729300.439338,18
1553729300.543993,20
1553729300.649982,19
1553729300.754892,20
1553729300.859543,19
1553729300.964508,19
1553729301.070861,19
1553729301.175240,19
1553729301.281087,18
1553729301.385759,12
1553729301.491022,11
1553729301.595915,9
1553729301.701589,10
1553729301.806420,10
1553729301.912309,11
1553729302.017745,11
1553729302.123429,12
1553729302.228166,13
1553729302.333010,14
1553729302.439353,15
1553729302.544444,17
1553729302.650072,16
1553729302.755183,14
1553729302.860614,16
1553729302.964796,13
1553729303.070300,13
1553729303.175619,14
1553729303.284334,15
1553729303.389324,16
1553729303.494110,16
1553729303.600023,15
1553729303.705087,17
1553729303.810358,16
1553729303.915521,16
1553729304.019161,16
1553729304.124187,16
1553729304.228428,16
1553729304.334129,17
1553729304.438910,17
1553729304.544005,17
1553729304.649241,17
1553729304.755306,18
1553729304.861030,17
1553729304.965971,18
1553729305.071824,18
1553729305.177147,18
1553729305.281935,18
1553729305.386847,18
1553729305.492642,18
1553729305.597950,19
1553729305.703090,19
1553729305.808315,19
1553729305.912449,16
1553729306.016756,20
1553729306.122542,16
1553729306.227372,8
1553729306.332765,2
1553729306.437800,3
1553729306.543127,3
1553729306.649163,4
1553729306.754127,4
1553729306.858843,5
1553729306.964843,5
1553729307.069511,6
1553729307.174076,6
1553729307.278225,7
1553729307.382224,8
1553729307.486895,7
1553729307.592413,8
1553729307.696548,8
1553729307.801894,9
1553729307.907302,9
1553729308.013007,9
1553729308.117911,10
1553729308.223569,10
1553729308.329405,10
1553729308.435202,11
1553729308.540652,11
1553729308.645293,11
1553729308.750331,11
1553729308.855107,13
1553729308.961021,11
1553729309.065879,12
1553729309.172195,13
1553729309.278254,14
1553729309.383245,14
1553729309.487039,20
1553729309.592733,20
1553729309.698945,15
1553729309.804377,13
1553729309.909230,11
1553729310.014735,10
1553729310.120100,9
1553729310.225333,8
1553729310.330780,9
1553729310.435544,9
1553729310.541442,10
1553729310.645935,9
1553729310.750693,9
1553729310.855125,8
1553729310.961167,9
1553729311.065862,10
1553729311.171638,10
1553729311.276135,11
1553729311.381854,10
1553729311.487660,11
1553729311.593396,11
1553729311.697827,11
1553729311.803387,13
1553729311.907958,12
1553729312.013043,12
1553729312.118003,13
1553729312.223089,13
1553729312.328310,13
1553729312.433749,14
1553729312.538872,15
1553729312.643969,15
1553729312.748707,16
1553729312.853938,15
1553729312.959824,17
1553729313.064090,15
1553729313.168921,16
1553729313.273493,16
1553729313.378545,16
1553729313.484752,16
1553729313.589430,17
1553729313.694649,19
1553729313.800639,18
1553729313.905399,20
1553729314.010856,19
1553729314.116322,18
1553729314.220786,15
1553729314.325670,15
1553729314.431181,12
1553729314.536216,13
1553729314.641001,8
1553729314.745957,9
1553729314.850157,10
1553729314.955571,10
1553729315.061665,11
1553729315.167696,13
1553729315.273193,14
1553729315.377990,14
1553729315.483277,13
1553729315.587915,13
1553729315.693491,12
1553729315.798828,13
1553729315.904175,13
1553729316.008706,12
1553729316.113823,13
1553729316.220185,14
1553729316.324581,14
1553729316.429978,14
1553729316.534937,15
1553729316.639639,15
1553729316.744234,15
1553729316.849834,15
1553729316.954546,15
1553729317.060553,16
1553729317.165539,15
1553729317.270222,16
1553729317.374944,16
1553729317.480533,15
1553729317.585477,17
1553729317.691738,17
1553729317.797784,17
1553729317.903244,17
1553729318.008660,17
1553729318.113360,18
1553729318.218193,17
1553729318.323224,18
1553729318.427818,18
1553729318.532373,19
1553729318.638063,19
1553729318.743401,19
1553729318.848150,19
1553729318.952997,19
1553729319.058112,19
1553729319.163140,19
1553729319.269135,15
1553729319.374192,17
1553729319.479295,12
1553729319.585446,12
1553729319.691624,18
1553729319.796387,19
1553729319.902117,12
1553729320.008294,13
1553729320.113475,12
1553729320.218230,12
1553729320.323098,13
1553729320.427823,13
1553729320.532870,13
1553729320.637946,15
1553729320.743241,14
1553729320.848315,14
1553729320.953184,14
1553729321.058223,15
1553729321.163573,15
1553729321.268995,15
1553729321.373886,16
1553729321.479378,16
1553729321.583937,15
1553729321.689907,16
1553729321.794671,16
1553729321.900718,17
1553729322.005076,16
1553729322.110698,18
1553729322.215337,18
1553729322.320901,18
1553729322.425633,18
1553729322.531648,19
1553729322.636337,18
1553729322.741678,19
1553729322.846499,19
1553729322.951785,19
1553729323.056259,19
1553729323.161071,20
1553729323.265926,19
1553729323.372037,19
1553729323.478042,15
1553729323.583265,12
1553729323.688999,13
1553729323.793315,14
1553729323.898163,10
1553729324.003439,10
1553729324.109424,11
1553729324.213992,12
1553729324.319799,12
1553729324.424149,13
1553729324.528253,13
1553729324.633136,16
1553729324.738123,16
1553729324.842884,17
1553729324.948113,14
1553729325.053370,15
1553729325.158796,13
1553729325.264527,14
1553729325.370214,14
1553729325.475654,15
1553729325.579804,15
1553729325.684899,15
1553729325.790132,15
1553729325.896051,16
1553729326.002477,15
1553729326.107896,16
1553729326.213225,16
1553729326.317988,17
1553729326.423009,16
1553729326.529168,17
1553729326.634406,17
1553729326.738997,16
1553729326.843967,17
1553729326.949132,18
1553729327.054371,18
1553729327.160656,18
1553729327.265519,18
1553729327.369696,19
1553729327.474222,17
1553729327.579589,18
1553729327.684191,18
1553729327.788642,19
1553729327.894624,19
1553729328.000008,18
1553729328.105008,15
1553729328.210870,17
1553729328.315597,9
1553729328.421242,9
1553729328.525800,5
1553729328.631508,5
1553729328.737681,6
1553729328.843913,7
1553729328.950293,8
1553729329.055249,8
1553729329.159293,7
1553729329.263965,9
1553729329.368987,8
1553729329.475005,8
1553729329.581053,9
1553729329.685829,10
1553729329.791725,10
1553729329.897807,9
1553729330.003510,10
1553729330.108772,10
1553729330.213602,10
1553729330.318276,12
1553729330.423555,12
1553729330.529580,12
1553729330.634626,13
1553729330.739563,13
1553729330.845420,13
1553729330.949709,13
1553729331.054462,14
1553729331.159122,13
1553729331.263936,14
1553729331.369470,15
1553729331.474531,15
1553729331.580099,14
1553729331.685286,15
1553729331.791595,15
1553729331.896194,16
1553729332.001674,15
1553729332.106062,16
1553729332.211900,17
1553729332.316782,17
1553729332.421802,18
1553729332.527060,18
1553729332.632316,18
1553729332.736320,16
1553729332.842041,16
1553729332.948188,15
1553729333.053388,12
1553729333.158863,13
1553729333.273650,10
1553729333.379844,12
1553729333.485058,11
1553729333.590009,11
1553729333.694939,13
1553729333.801421,15
1553729333.905842,16
1553729334.011656,13
1553729334.116420,13
1553729334.221391,12
1553729334.326110,13
1553729334.431552,13
1553729334.536374,13
1553729334.642602,13
1553729334.748463,14
1553729334.853945,14
1553729334.959466,14
1553729335.063637,15
1553729335.169706,15
1553729335.275400,15
1553729335.381679,15
1553729335.487799,16
1553729335.593009,16
1553729335.696921,15
1553729335.802398,16
1553729335.907740,16
1553729336.013777,16
1553729336.119097,18
1553729336.225005,18
1553729336.331011,17
1553729336.435587,18
1553729336.541260,19
1553729336.646509,19
1553729336.752290,18
1553729336.856882,19
1553729336.962157,19
1553729337.067000,19
1553729337.172910,19
1553729337.278228,19
1553729337.383842,18
1553729337.487932,18
1553729337.593194,15
1553729337.699569,14
1553729337.804383,10
1553729337.909684,9
1553729338.014109,10
1553729338.119226,10
1553729338.224154,11
1553729338.329399,12
1553729338.434539,12
1553729338.540377,12
1553729338.644516,13
1553729338.749478,13
1553729338.854211,15
1553729338.960867,15
1553729339.065678,14
1553729339.173694,16
1553729339.278660,14
1553729339.383906,14
1553729339.490248,15
1553729339.595283,15
1553729339.701271,14
1553729339.805681,15
1553729339.910867,16
1553729340.015869,16
1553729340.121548,15
1553729340.227688,16
1553729340.333694,16
1553729340.437731,16
1553729340.542712,17
1553729340.647391,18
1553729340.753880,17
1553729340.863566,17
1553729340.968669,18
1553729341.074115,18
1553729341.179271,17
1553729341.283748,18
1553729341.388640,18
1553729341.493572,19
1553729341.598222,20
1553729341.703908,19
1553729341.808941,19
1553729341.914400,19
