1553729343.542941,1
1553729343.650935,9
1553729343.756116,15
1553729343.861596,23
1553729343.966315,32
1553729344.070687,37
1553729344.174784,43
1553729344.279661,51
1553729344.384338,57
1553729344.489109,65
1553729344.594086,72
1553729344.699067,79
1553729344.803774,86
1553729344.909196,95
1553729345.014030,99
1553729345.119824,99
1553729345.224395,100
1553729345.330043,100
1553729345.434927,98
1553729345.540072,99
1553729345.644609,99
1553729345.749672,99
1553729345.855156,100
1553729345.959452,99
1553729346.063920,98
1553729346.169708,99
1553729346.274925,99
1553729346.380893,99
1553729346.485189,100
1553729346.590504,99
1553729346.695132,97
1553729346.800586,99
1553729346.905626,97
1553729347.011115,98
1553729347.115707,98
1553729347.220362,98
1553729347.325507,98
1553729347.431031,99
1553729347.535682,98
1553729347.641297,99
1553729347.745865,99
1553729347.851560,99
1553729347.956040,98
1553729348.060644,98
1553729348.164761,96
1553729348.269677,95
1553729348.373883,95
1553729348.478781,95
1553729348.584157,97
1553729348.688905,97
1553729348.793801,97
1553729348.898888,99
1553729349.003554,99
1553729349.108660,100
1553729349.213588,100
1553729349.317722,98
1553729349.422669,99
1553729349.526756,98
1553729349.630343,97
1553729349.735061,98
1553729349.841139,100
1553729349.946392,99
1553729350.051520,97
1553729350.155677,99
1553729350.260837,96
1553729350.365808,93
1553729350.471941,94
1553729350.576458,94
1553729350.681528,95
1553729350.785094,95
1553729350.890186,96
1553729350.994586,96
1553729351.099668,96
1553729351.204140,93
1553729351.309049,92
1553729351.413250,92
1553729351.517780,89
1553729351.622235,81
1553729351.728317,74
1553729351.832856,66
1553729351.937231,66
1553729352.041629,59
1553729352.145965,54
1553729352.251599,48
1553729352.356410,46
1553729352.462002,45
1553729352.566854,45
1553729352.671735,45
1553729352.777866,46
1553729352.884254,47
1553729352.989792,47
1553729353.094408,47
1553729353.199134,48
1553729353.303276,51
1553729353.407808,50
1553729353.512905,50
1553729353.618210,46
1553729353.724100,47
1553729353.829891,46
1553729353.934332,45
1553729354.038751,44
1553729354.143712,45
1553729354.248708,44
1553729354.354112,44
1553729354.459693,44
1553729354.564356,44
1553729354.669468,44
1553729354.774085,44
1553729354.880451,46
1553729354.985341,44
1553729355.089767,44
1553729355.194455,44
1553729355.299944,46
1553729355.405585,44
1553729355.510746,44
1553729355.615716,44
1553729355.719818,47
1553729355.823922,46
1553729355.928674,45
1553729356.033455,45
1553729356.138184,47
1553729356.242257,47
1553729356.347072,46
1553729356.452188,46
1553729356.556806,48
1553729356.662679,49
1553729356.768919,47
1553729356.873248,48
1553729356.978039,49
1553729357.083572,59
1553729357.189473,58
1553729357.294349,58
1553729357.399252,57
1553729357.504161,53
1553729357.609216,50
1553729357.715524,48
1553729357.823703,49
1553729357.928648,48
1553729358.033258,48
1553729358.138049,47
1553729358.242767,47
1553729358.347319,47
1553729358.452557,49
1553729358.558534,49
1553729358.663117,47
1553729358.769144,47
1553729358.874245,48
1553729358.980127,49
1553729359.084899,48
1553729359.189442,48
1553729359.293659,48
1553729359.398638,49
1553729359.503905,50
1553729359.609568,48
1553729359.715660,50
1553729359.821736,50
1553729359.927646,51
1553729360.032834,51
1553729360.137486,50
1553729360.242802,50
1553729360.347938,51
1553729360.452429,51
1553729360.558090,51
1553729360.663618,50
1553729360.768726,50
1553729360.873771,52
1553729360.978570,52
1553729361.083271,58
1553729361.187919,56
1553729361.293047,56
1553729361.398522,58
1553729361.503967,58
1553729361.608697,55
1553729361.713592,51
1553729361.818974,51
1553729361.924536,53
1553729362.030273,51
1553729362.136470,52
1553729362.240961,49
1553729362.345577,49
1553729362.451843,50
1553729362.556214,50
1553729362.661851,51
1553729362.766630,50
1553729362.870619,49
1553729362.975046,49
1553729363.081212,51
1553729363.187053,51
1553729363.293090,51
1553729363.399181,50
1553729363.504362,50
1553729363.609470,50
1553729363.714493,52
1553729363.821333,51
1553729363.927106,49
1553729364.031388,49
1553729364.136607,51
1553729364.242422,51
1553729364.347618,51
1553729364.452421,50
1553729364.557542,49
1553729364.662231,52
1553729364.767644,51
1553729364.873582,52
1553729364.978718,53
1553729365.083812,50
1553729365.189971,51
1553729365.295082,58
1553729365.400982,59
1553729365.506974,58
1553729365.612821,58
1553729365.718201,57
1553729365.822688,58
1553729365.928065,52
1553729366.037048,53
1553729366.142235,53
1553729366.247273,53
1553729366.352879,51
1553729366.458802,52
1553729366.564066,52
1553729366.669421,52
1553729366.774242,52
1553729366.879248,52
1553729366.983377,51
1553729367.089552,52
1553729367.194548,54
1553729367.299711,52
1553729367.404073,53
1553729367.509128,50
1553729367.613306,50
1553729367.718050,53
1553729367.823190,52
1553729367.928033,53
1553729368.032776,54
1553729368.137515,52
1553729368.242962,53
1553729368.347769,53
1553729368.452677,53
1553729368.557872,54
1553729368.663159,53
1553729368.767573,51
1553729368.879590,53
1553729368.985494,54
1553729369.091223,54
1553729369.195902,54
1553729369.301709,54
1553729369.406202,53
1553729369.512309,54
1553729369.616992,61
1553729369.722174,60
1553729369.827678,61
1553729369.933363,62
1553729370.038192,60
1553729370.143385,62
1553729370.248607,56
1553729370.353930,56
1553729370.459117,58
1553729370.563431,57
1553729370.669404,55
1553729370.774135,55
1553729370.879350,56
1553729370.984091,56
1553729371.090562,57
1553729371.194546,56
1553729371.299640,56
1553729371.404542,54
1553729371.510988,56
1553729371.615710,56
1553729371.721464,56
1553729371.825982,56
1553729371.930849,57
1553729372.035338,56
1553729372.141685,57
1553729372.246232,57
1553729372.351057,57
1553729372.456042,57
1553729372.562048,57
1553729372.666806,55
1553729372.771783,55
1553729372.876986,57
1553729372.980846,56
1553729373.085315,57
1553729373.190932,57
1553729373.297238,59
1553729373.402550,57
1553729373.507049,59
1553729373.613458,59
1553729373.718802,59
1553729373.823636,59
1553729373.928864,58
1553729374.034695,63
1553729374.139351,64
1553729374.244328,64
1553729374.349495,65
1553729374.454136,66
1553729374.560231,65
1553729374.664975,61
1553729374.769784,57
1553729374.873919,57
1553729374.979479,59
1553729375.084684,58
1553729375.190507,59
1553729375.295454,59
1553729375.400904,57
1553729375.505426,55
1553729375.610013,57
1553729375.714595,57
1553729375.820335,57
1553729375.924759,57
1553729376.030532,58
1553729376.135549,58
1553729376.240937,56
1553729376.347127,58
1553729376.453787,58
1553729376.560486,58
1553729376.665035,60
1553729376.770993,59
1553729376.876050,60
1553729376.981794,57
1553729377.086261,59
1553729377.192557,59
1553729377.297514,59
1553729377.402936,60
1553729377.509100,61
1553729377.613585,60
1553729377.717992,58
1553729377.824162,61
1553729377.929505,61
1553729378.034130,61
1553729378.140169,61
1553729378.245612,61
1553729378.350113,60
1553729378.454942,59
1553729378.560894,66
1553729378.665740,67
1553729378.770672,67
1553729378.875565,67
1553729378.981744,67
1553729379.087812,67
1553729379.193979,64
1553729379.300302,61
1553729379.406255,61
1553729379.510436,61
1553729379.615489,61
1553729379.722158,61
1553729379.826890,61
1553729379.932177,59
1553729380.036931,60
1553729380.142471,60
1553729380.248877,61
1553729380.354531,60
1553729380.459798,61
1553729380.565615,60
1553729380.670879,60
1553729380.775514,61
1553729380.881187,60
1553729380.985926,61
1553729381.090433,61
1553729381.194783,61
1553729381.298873,61
1553729381.403716,62
1553729381.508409,60
1553729381.613971,62
1553729381.720025,61
1553729381.825718,62
1553729381.931536,62
1553729382.036444,62
1553729382.142690,62
1553729382.247634,60
1553729382.353215,62
1553729382.457656,63
1553729382.563217,63
1553729382.668356,64
1553729382.773614,64
1553729382.879049,64
1553729382.983722,63
1553729383.087772,70
1553729383.193779,69
1553729383.299195,70
1553729383.403746,70
1553729383.510097,70
1553729383.614938,72
1553729383.721553,71
1553729383.826468,68
1553729383.931687,66
1553729384.036495,65
1553729384.141964,65
1553729384.246530,64
1553729384.352124,65
1553729384.458215,66
1553729384.563579,66
1553729384.668494,64
1553729384.773663,63
1553729384.877768,64
1553729384.983141,63
1553729385.088207,64
1553729385.193495,64
1553729385.298119,64
1553729385.403531,64
1553729385.509801,63
1553729385.614573,64
1553729385.719619,65
1553729385.824004,65
1553729385.929721,66
1553729386.034255,66
1553729386.140315,65
1553729386.246305,65
1553729386.352442,65
1553729386.457621,65
1553729386.563264,65
1553729386.668293,65
1553729386.773641,65
1553729386.881514,66
1553729386.986702,67
1553729387.092050,65
1553729387.196563,67
1553729387.302141,67
1553729387.407167,67
1553729387.512590,66
1553729387.618682,67
1553729387.724289,67
1553729387.828598,74
1553729387.933445,72
1553729388.038626,73
1553729388.144865,75
1553729388.250394,74
1553729388.355938,75
1553729388.462020,74
1553729388.568287,74
1553729388.673875,68
1553729388.779041,68
1553729388.884110,68
1553729388.988731,68
1553729389.094689,69
1553729389.199991,68
1553729389.304590,69
1553729389.409791,69
1553729389.514379,67
1553729389.618631,67
1553729389.723431,67
1553729389.828654,67
1553729389.933847,67
1553729390.040050,66
1553729390.144798,67
1553729390.250250,68
1553729390.354782,69
1553729390.460460,68
1553729390.565118,67
1553729390.670539,68
1553729390.774924,68
1553729390.881121,68
1553729390.986015,68
1553729391.092124,68
1553729391.197490,68
1553729391.303310,69
1553729391.408110,65
1553729391.513272,63
1553729391.619440,63
1553729391.724159,64
1553729391.830130,64
1553729391.935071,62
1553729392.041329,63
1553729392.146095,63
1553729392.250498,63
1553729392.355343,63
1553729392.461654,62
1553729392.565579,68
1553729392.669542,68
1553729392.773885,69
1553729392.878942,69
1553729392.984276,68
1553729393.089222,68
1553729393.194563,69
1553729393.299964,68
1553729393.405001,68
1553729393.510832,63
1553729393.617023,64
1553729393.721878,63
1553729393.826538,64
1553729393.932029,64
1553729394.036925,63
1553729394.141613,64
1553729394.245378,65
1553729394.349371,63
1553729394.455356,63
1553729394.560939,64
1553729394.665657,64
1553729394.770340,63
1553729394.876601,63
1553729394.981573,64
1553729395.086001,64
1553729395.191327,63
1553729395.296039,63
1553729395.401653,64
1553729395.505863,63
1553729395.612107,64
1553729395.716047,64
1553729395.821961,63
1553729395.928250,64
1553729396.033994,64
1553729396.139589,63
1553729396.243984,63
1553729396.348025,63
1553729396.452706,65
1553729396.558725,65
1553729396.664229,64
1553729396.768937,64
1553729396.874454,65
1553729396.980002,64
1553729397.084825,65
1553729397.189545,65
1553729397.295659,65
1553729397.401460,65
1553729397.506140,71
1553729397.613176,72
1553729397.717869,71
1553729397.823332,71
1553729397.929200,71
1553729398.034161,72
1553729398.138238,72
1553729398.243238,72
1553729398.348909,70
1553729398.454041,68
1553729398.560584,67
1553729398.665362,68
1553729398.772030,68
1553729398.878108,67
1553729398.983704,67
1553729399.089281,68
1553729399.193754,66
1553729399.298389,67
1553729399.403514,66
1553729399.508632,66
1553729399.614018,66
1553729399.719105,67
1553729399.824908,66
1553729399.931355,66
1553729400.036961,66
1553729400.142566,66
1553729400.248623,67
1553729400.353579,66
1553729400.458585,67
1553729400.563030,68
1553729400.669272,65
1553729400.773942,67
1553729400.879492,69
1553729400.984191,68
1553729401.088483,66
1553729401.192935,68
1553729401.297594,67
1553729401.402644,66
1553729401.508338,68
1553729401.613731,68
1553729401.717809,68
1553729401.822840,68
1553729401.929042,68
1553729402.034093,68
1553729402.138968,67
1553729402.243552,68
1553729402.348393,69
1553729402.453280,76
1553729402.559337,74
1553729402.664570,75
1553729402.770671,76
1553729402.875080,74
1553729402.980675,74
1553729403.086352,77
1553729403.192159,76
1553729403.298083,76
1553729403.403192,72
1553729403.507868,70
1553729403.612934,70
1553729403.722166,70
1553729403.827160,71
1553729403.932752,70
1553729404.037422,70
1553729404.143136,71
1553729404.249478,71
1553729404.354261,72
1553729404.459092,68
1553729404.564108,69
1553729404.668520,69
1553729404.773826,68
1553729404.879902,69
1553729404.985574,69
1553729405.091223,69
1553729405.195630,69
1553729405.300559,69
1553729405.406262,69
1553729405.511609,69
1553729405.617607,70
1553729405.723135,70
1553729405.828705,69
1553729405.933743,70
1553729406.038916,70
1553729406.143796,71
1553729406.249168,70
1553729406.354107,71
1553729406.459757,72
1553729406.564093,72
1553729406.669486,72
1553729406.774217,72
1553729406.879842,72
1553729406.985049,72
1553729407.090010,71
1553729407.195057,73
1553729407.300966,72
1553729407.406393,71
1553729407.512060,79
1553729407.616908,78
1553729407.722688,78
1553729407.827649,78
1553729407.933154,78
1553729408.038601,77
1553729408.144101,79
1553729408.247984,79
1553729408.353046,79
1553729408.458363,76
1553729408.563237,73
1553729408.668455,74
1553729408.773185,74
1553729408.879457,73
1553729408.984333,74
1553729409.089746,74
1553729409.194384,73
1553729409.300185,75
1553729409.405338,74
1553729409.510829,74
1553729409.615985,72
1553729409.721259,72
1553729409.827413,72
1553729409.933382,73
1553729410.037363,72
1553729410.142620,72
1553729410.248708,73
1553729410.354171,73
1553729410.460794,74
1553729410.565711,73
1553729410.671135,71
1553729410.775524,72
1553729410.880581,72
1553729410.985766,73
1553729411.091852,72
1553729411.196307,72
1553729411.301829,72
1553729411.407154,73
1553729411.518847,73
1553729411.624020,74
1553729411.729506,73
1553729411.835732,74
1553729411.941948,74
1553729412.048257,74
1553729412.154205,74
1553729412.260508,74
1553729412.365278,75
1553729412.470069,75
1553729412.575675,75
1553729412.680922,82
1553729412.785818,82
1553729412.892100,82
1553729412.996431,82
1553729413.101901,82
1553729413.206916,81
1553729413.312748,82
1553729413.418257,82
1553729413.523694,82
1553729413.629620,80
1553729413.734525,76
1553729413.840064,77
1553729413.945073,76
1553729414.051139,76
1553729414.155631,76
1553729414.261142,76
1553729414.366264,75
1553729414.471692,77
1553729414.576262,77
1553729414.682293,77
1553729414.786745,75
1553729414.892636,75
1553729414.997400,75
1553729415.102826,74
1553729415.208168,75
1553729415.313737,75
1553729415.417536,75
1553729415.523162,75
1553729415.629378,75
1553729415.734113,75
1553729415.839291,75
1553729415.943897,75
1553729416.049074,75
1553729416.155271,75
1553729416.260316,75
1553729416.364876,77
1553729416.470475,76
1553729416.574476,76
1553729416.680046,77
1553729416.785681,78
1553729416.891627,79
1553729416.996585,78
1553729417.101985,77
1553729417.205936,78
1553729417.311604,77
1553729417.416286,77
1553729417.522039,77
1553729417.626704,77
1553729417.732598,78
1553729417.837299,84
1553729417.942981,84
1553729418.048543,84
1553729418.153555,84
1553729418.258263,84
1553729418.363135,83
1553729418.468037,84
1553729418.572640,85
1553729418.678900,85
1553729418.783627,85
1553729418.888739,83
1553729418.993628,79
1553729419.098311,79
1553729419.203880,79
1553729419.308505,79
1553729419.413548,79
1553729419.518249,78
1553729419.623456,79
1553729419.728717,79
1553729419.833245,79
1553729419.938574,79
1553729420.042680,78
1553729420.147537,78
1553729420.251958,76
1553729420.356126,78
1553729420.462568,77
1553729420.567473,77
1553729420.672360,77
1553729420.778326,77
1553729420.883622,77
1553729420.988216,78
1553729421.093748,78
1553729421.199077,78
1553729421.303686,79
1553729421.407484,79
1553729421.512711,79
1553729421.618645,79
1553729421.724577,79
1553729421.831119,79
1553729421.935486,79
1553729422.041257,80
1553729422.145382,80
1553729422.250395,80
1553729422.355216,80
1553729422.460954,80
1553729422.566336,80
1553729422.672163,80
1553729422.777469,80
1553729422.883104,80
1553729422.988372,81
1553729423.093116,80
1553729423.199486,87
1553729423.304700,88
1553729423.410422,88
1553729423.515350,87
1553729423.620338,87
1553729423.725057,87
1553729423.830267,87
1553729423.934879,87
1553729424.039870,87
1553729424.146129,86
1553729424.253166,81
1553729424.358276,81
1553729424.464238,81
1553729424.568812,81
1553729424.674254,82
1553729424.780640,82
1553729424.885556,82
1553729424.990666,82
1553729425.095208,82
1553729425.199979,82
1553729425.304967,82
1553729425.411478,82
1553729425.516807,81
1553729425.621503,81
1553729425.725568,81
1553729425.830276,81
1553729425.934832,81
1553729426.039157,81
1553729426.144786,81
1553729426.250532,81
1553729426.355056,81
1553729426.459611,82
1553729426.565220,82
1553729426.669932,81
1553729426.775851,82
1553729426.880023,82
1553729426.984578,81
1553729427.089855,82
1553729427.195315,82
1553729427.299841,83
1553729427.404795,83
1553729427.508697,82
1553729427.613449,82
1553729427.718344,82
1553729427.823088,83
1553729427.928171,83
1553729428.033028,83
1553729428.137634,83
1553729428.242854,83
1553729428.349094,83
1553729428.454094,90
1553729428.558512,90
1553729428.662176,90
1553729428.766650,90
1553729428.872416,90
1553729428.978470,90
1553729429.083820,91
1553729429.187956,91
1553729429.293354,90
1553729429.398272,92
1553729429.503636,90
1553729429.608912,88
1553729429.713795,84
1553729429.820752,85
1553729429.927221,85
1553729430.032802,84
1553729430.137687,85
1553729430.243078,85
1553729430.347586,85
1553729430.453244,85
1553729430.558023,85
1553729430.663490,85
1553729430.768537,85
1553729430.873200,83
1553729430.977387,82
1553729431.082477,83
1553729431.188481,83
1553729431.293856,83
1553729431.398785,83
1553729431.503714,83
1553729431.608773,83
1553729431.714252,83
1553729431.819926,84
1553729431.924731,83
1553729432.029853,84
1553729432.134324,83
1553729432.239787,84
1553729432.344251,84
1553729432.449789,84
1553729432.554416,84
1553729432.659085,85
1553729432.763052,86
1553729432.868243,86
1553729432.973305,86
1553729433.078037,87
1553729433.183563,86
1553729433.289762,85
1553729433.394915,86
1553729433.501438,85
1553729433.606673,85
1553729433.712717,86
1553729433.817883,86
1553729433.923267,92
1553729434.028349,92
1553729434.133245,92
1553729434.237711,94
1553729434.342992,92
1553729434.447827,92
1553729434.552379,93
1553729434.656694,92
1553729434.761681,93
1553729434.866470,92
1553729434.972334,93
1553729435.077601,91
1553729435.181919,89
1553729435.286699,87
1553729435.391642,87
1553729435.496338,88
1553729435.601808,87
1553729435.706455,87
1553729435.812084,87
1553729435.916680,87
1553729436.022517,87
1553729436.128252,87
1553729436.233170,87
1553729436.338648,87
1553729436.443982,87
1553729436.549130,86
1553729436.653794,86
1553729436.759123,87
1553729436.864030,86
1553729436.968372,85
1553729437.073344,87
1553729437.178410,86
1553729437.283701,85
1553729437.389469,85
1553729437.494801,86
1553729437.598923,85
1553729437.705859,86
1553729437.811068,86
1553729437.916516,86
1553729438.022747,88
1553729438.127434,87
1553729438.233630,88
1553729438.338377,88
1553729438.443443,88
1553729438.549365,88
1553729438.654497,88
1553729438.759229,88
1553729438.864039,88
1553729438.969023,89
1553729439.074849,88
1553729439.180190,89
1553729439.284904,89
1553729439.389249,89
1553729439.493792,95
1553729439.599080,95
1553729439.704496,96
1553729439.809799,95
1553729439.914676,96
1553729440.021230,96
1553729440.126352,96
1553729440.232193,96
1553729440.337568,96
1553729440.443763,95
1553729440.548425,94
1553729440.654010,93
1553729440.760490,89
1553729440.865412,89
1553729440.970150,88
1553729441.074861,89
1553729441.180645,89
1553729441.287071,90
1553729441.392376,89
1553729441.497225,89
1553729441.602388,90
1553729441.707112,89
1553729441.812900,89
1553729441.918684,90
1553729442.023832,89
1553729442.130027,89
1553729442.234896,88
1553729442.339005,90
1553729442.444421,88
1553729442.550945,89
1553729442.655795,89
1553729442.761303,89
1553729442.866280,89
1553729442.970994,89
1553729443.075669,89
1553729443.181594,89
1553729443.288083,89
1553729443.393519,89
1553729443.498098,88
1553729443.603056,89
1553729443.708368,89
1553729443.815597,91
1553729443.921749,90
1553729444.026423,90
1553729444.130690,91
1553729444.235625,91
1553729444.341567,90
1553729444.447706,92
1553729444.553287,92
1553729444.658504,90
1553729444.763509,92
1553729444.868716,93
1553729444.973697,91
1553729445.079039,99
1553729445.183638,98
1553729445.288377,98
1553729445.393384,98
1553729445.499906,98
1553729445.604994,98
1553729445.710084,97
1553729445.815071,98
1553729445.918994,98
1553729446.023250,97
1553729446.128918,97
1553729446.235672,95
1553729446.341813,92
1553729446.447063,93
1553729446.552174,92
1553729446.657468,91
1553729446.762717,92
1553729446.867232,91
1553729446.972815,93
1553729447.077636,93
1553729447.182956,94
1553729447.288690,93
1553729447.393460,92
1553729447.498258,93
1553729447.603098,91
1553729447.707277,92
1553729447.812294,92
1553729447.917109,91
1553729448.022999,92
1553729448.128016,91
1553729448.233560,91
1553729448.338962,91
1553729448.444703,91
1553729448.550552,91
1553729448.655273,91
1553729448.760352,91
1553729448.864879,92
1553729448.970700,92
1553729449.075913,91
1553729449.181703,91
1553729449.286812,92
1553729449.391947,95
1553729449.496004,93
1553729449.601601,94
1553729449.707337,94
1553729449.812496,93
1553729449.917681,93
1553729450.024095,94
1553729450.129498,94
1553729450.234579,93
1553729450.339964,95
1553729450.444637,95
1553729450.549766,95
1553729450.654823,100
1553729450.760116,98
1553729450.865202,97
1553729450.971255,99
1553729451.076965,98
1553729451.182717,98
1553729451.286911,98
1553729451.391317,98
1553729451.496453,98
1553729451.602125,98
1553729451.707288,96
1553729451.812382,97
1553729451.917616,98
1553729452.023266,91
1553729452.128683,93
1553729452.233899,91
1553729452.340182,93
1553729452.444434,93
1553729452.550806,92
1553729452.655802,93
1553729452.761276,92
1553729452.867179,91
1553729452.972874,92
1553729453.078449,91
1553729453.183036,91
1553729453.287720,89
1553729453.392920,86
1553729453.497735,85
1553729453.602193,84
1553729453.706835,84
1553729453.812585,82
1553729453.917724,80
1553729454.023471,75
1553729454.128996,68
1553729454.233357,62
1553729454.338252,56
1553729454.443429,50
1553729454.548694,46
1553729454.653475,46
1553729454.759464,48
1553729454.865367,48
1553729454.971526,48
1553729455.076143,49
1553729455.182063,49
1553729455.286965,49
1553729455.391519,49
1553729455.496075,49
1553729455.601921,49
1553729455.706700,49
1553729455.812143,49
1553729455.917437,48
1553729456.021869,47
1553729456.126248,47
1553729456.231122,48
1553729456.335821,48
1553729456.441445,47
1553729456.547748,48
1553729456.652745,48
1553729456.757779,48
1553729456.863367,48
1553729456.968352,48
1553729457.073835,48
1553729457.179394,48
1553729457.285455,48
1553729457.390665,49
1553729457.495548,49
1553729457.601519,49
1553729457.706549,50
1553729457.810791,50
1553729457.916801,50
1553729458.022894,50
1553729458.127560,50
1553729458.232717,49
1553729458.337439,50
1553729458.441569,51
1553729458.547127,51
1553729458.652751,51
1553729458.758005,51
1553729458.862952,51
1553729458.967722,51
1553729459.072683,52
1553729459.178291,58
1553729459.283159,58
1553729459.387390,58
1553729459.492767,58
1553729459.596957,58
1553729459.702430,58
1553729459.807654,55
1553729459.913125,52
1553729460.018060,53
1553729460.123504,53
1553729460.228979,52
1553729460.333777,52
1553729460.439783,52
1553729460.544210,54
1553729460.650284,51
1553729460.756241,52
1553729460.861898,51
1553729460.966547,52
1553729461.072128,53
1553729461.178533,52
1553729461.283102,52
1553729461.387343,52
1553729461.492740,53
1553729461.597807,53
1553729461.703354,53
1553729461.808771,53
1553729461.913540,53
1553729462.019716,52
1553729462.125723,52
1553729462.231451,53
1553729462.336271,52
1553729462.442039,53
1553729462.546283,53
1553729462.651626,53
1553729462.757463,53
1553729462.864130,53
1553729462.969358,54
1553729463.073807,54
1553729463.179037,54
1553729463.284007,54
1553729463.389616,55
1553729463.494710,54
1553729463.600090,54
1553729463.704498,61
1553729463.810498,62
1553729463.916310,62
1553729464.022018,62
1553729464.126900,62
1553729464.232533,62
1553729464.336684,62
1553729464.442339,58
1553729464.547108,58
1553729464.655531,56
1553729464.761056,56
1553729464.867634,56
1553729464.973120,56
1553729465.077955,56
1553729465.182875,56
1553729465.288116,54
1553729465.393241,55
1553729465.497270,56
1553729465.603141,55
1553729465.708543,55
1553729465.814178,56
1553729465.919758,55
1553729466.024601,54
1553729466.130981,56
1553729466.235873,55
1553729466.341735,56
1553729466.447485,57
1553729466.553239,56
1553729466.657500,57
1553729466.762978,57
1553729466.868183,56
1553729466.974547,58
1553729467.080836,57
1553729467.185745,57
1553729467.290135,57
1553729467.395040,57
1553729467.499982,57
1553729467.604929,58
1553729467.709880,58
1553729467.814483,59
1553729467.920444,58
1553729468.025021,58
1553729468.130801,58
1553729468.235678,58
1553729468.341233,64
1553729468.445698,64
1553729468.551887,65
1553729468.656864,65
1553729468.761863,65
1553729468.866638,65
1553729468.972426,65
1553729469.078304,65
1553729469.184761,58
1553729469.289737,59
1553729469.395554,60
1553729469.501989,59
1553729469.607911,59
1553729469.713363,60
1553729469.818167,59
1553729469.923548,60
1553729470.029397,59
1553729470.134394,58
1553729470.238574,58
1553729470.343672,59
1553729470.449664,60
1553729470.554116,60
1553729470.659359,59
1553729470.763847,59
1553729470.867692,59
1553729470.972891,59
1553729471.077607,59
1553729471.183295,60
1553729471.288932,59
1553729471.393633,59
1553729471.500072,60
1553729471.605110,59
1553729471.710364,59
1553729471.815690,61
1553729471.920756,60
1553729472.025274,60
1553729472.131152,61
1553729472.237375,61
1553729472.343002,61
1553729472.448259,61
1553729472.554011,61
1553729472.658528,61
1553729472.763505,61
1553729472.868327,62
1553729472.973574,64
1553729473.080068,69
1553729473.184896,68
1553729473.290571,69
1553729473.395227,69
1553729473.500514,67
1553729473.605696,68
1553729473.710451,68
1553729473.814736,68
1553729473.920160,66
1553729474.026313,63
1553729474.132356,63
1553729474.237436,63
1553729474.342954,63
1553729474.448791,63
1553729474.554521,62
1553729474.660911,63
1553729474.766801,64
1553729474.872367,62
1553729474.976886,61
1553729475.082735,61
1553729475.187866,63
1553729475.293341,62
1553729475.399501,62
1553729475.504270,63
1553729475.608538,63
1553729475.713789,63
1553729475.819530,63
1553729475.924425,63
1553729476.030165,64
1553729476.136699,63
1553729476.242652,62
1553729476.348830,62
1553729476.453871,63
1553729476.559234,62
1553729476.664969,63
1553729476.769872,62
1553729476.876244,62
1553729476.981297,63
1553729477.086018,64
1553729477.191024,64
1553729477.295434,63
1553729477.399606,64
1553729477.504600,64
1553729477.611034,64
1553729477.716904,64
1553729477.822727,65
1553729477.927750,70
1553729478.033388,71
1553729478.138633,71
1553729478.243291,71
1553729478.348110,71
1553729478.453424,72
1553729478.557524,71
1553729478.663159,71
1553729478.768296,72
1553729478.874784,66
1553729478.981197,65
1553729479.086255,65
1553729479.191949,66
1553729479.297349,66
1553729479.403023,66
1553729479.508792,66
1553729479.613630,66
1553729479.718125,66
1553729479.823258,65
1553729479.928701,65
1553729480.034799,65
1553729480.140306,65
1553729480.245099,65
1553729480.349445,67
1553729480.455300,66
1553729480.560993,64
1553729480.667171,66
1553729480.772288,66
1553729480.878584,65
1553729480.984731,66
1553729481.089989,66
1553729481.195489,65
1553729481.301667,66
1553729481.406335,66
1553729481.510743,67
1553729481.615436,67
1553729481.720741,66
1553729481.825834,67
1553729481.931716,67
1553729482.037892,67
1553729482.142636,69
1553729482.247316,68
1553729482.352639,67
1553729482.458921,68
1553729482.564172,68
1553729482.669171,67
1553729482.774243,67
1553729482.878815,74
1553729482.983361,74
1553729483.088900,75
1553729483.193811,75
1553729483.299035,75
1553729483.403356,75
1553729483.508770,74
1553729483.613559,74
1553729483.719875,75
1553729483.824846,73
1553729483.928967,69
1553729484.034043,70
1553729484.140242,70
1553729484.245520,69
1553729484.351617,70
1553729484.457503,70
1553729484.563217,69
1553729484.669284,70
1553729484.774043,70
1553729484.879988,68
1553729484.985235,68
1553729485.089878,68
1553729485.195427,68
1553729485.301312,68
1553729485.406003,68
1553729485.511733,68
1553729485.616417,67
1553729485.721870,68
1553729485.827041,68
1553729485.932590,69
1553729486.037722,68
1553729486.143366,69
1553729486.248125,70
1553729486.353200,70
1553729486.459812,69
1553729486.565803,70
1553729486.671496,70
1553729486.776250,69
1553729486.880444,70
1553729486.985375,71
1553729487.091363,70
1553729487.196913,71
1553729487.302984,70
1553729487.408059,70
1553729487.512817,70
1553729487.617388,71
1553729487.722653,70
1553729487.827481,69
1553729487.932479,77
1553729488.037220,77
1553729488.143382,77
1553729488.249783,77
1553729488.354461,77
1553729488.459426,77
1553729488.565760,76
1553729488.670580,78
1553729488.775375,78
1553729488.880425,76
1553729488.985016,72
1553729489.091656,72
1553729489.196918,72
1553729489.301724,72
1553729489.406811,72
1553729489.512821,72
1553729489.617890,72
1553729489.723574,72
1553729489.829793,72
1553729489.934398,71
1553729490.040682,72
1553729490.145669,71
1553729490.251820,71
1553729490.356743,72
1553729490.461269,70
1553729490.565738,72
1553729490.671082,71
1553729490.775682,73
1553729490.881350,71
1553729490.987789,71
1553729491.093180,72
1553729491.198843,72
1553729491.304746,71
1553729491.409968,72
1553729491.514843,71
1553729491.619834,71
1553729491.726068,72
1553729491.831977,71
1553729491.936792,71
1553729492.042216,74
1553729492.147354,73
1553729492.251641,72
1553729492.356353,73
1553729492.461713,73
1553729492.567761,73
1553729492.674280,73
1553729492.779521,74
1553729492.884009,74
1553729492.991880,74
1553729493.096874,81
1553729493.202608,82
1553729493.307297,81
1553729493.411501,81
1553729493.516156,81
1553729493.622306,81
1553729493.728440,80
1553729493.833632,81
1553729493.938811,81
1553729494.044137,76
1553729494.150702,75
1553729494.256072,76
1553729494.361828,75
1553729494.468315,76
1553729494.572807,75
1553729494.677897,75
1553729494.783384,75
1553729494.888891,74
1553729494.995264,75
1553729495.100862,74
1553729495.204984,74
1553729495.310029,74
1553729495.414934,74
1553729495.520646,74
1553729495.625210,74
1553729495.730321,74
1553729495.834909,75
1553729495.940767,74
1553729496.045757,74
1553729496.152032,76
1553729496.256920,76
1553729496.361112,75
1553729496.465578,76
1553729496.570597,75
1553729496.676007,76
1553729496.782194,75
1553729496.886998,75
1553729496.992563,75
1553729497.098740,74
1553729497.204424,76
1553729497.310745,76
1553729497.416570,76
1553729497.521320,76
1553729497.626035,76
1553729497.731995,76
1553729497.836872,76
1553729497.942391,76
1553729498.047227,76
1553729498.151231,75
1553729498.255642,83
1553729498.361841,84
1553729498.466969,85
1553729498.572006,85
1553729498.678177,85
1553729498.782059,85
1553729498.886121,84
1553729498.992007,86
1553729499.096156,85
1553729499.201993,84
1553729499.306429,77
1553729499.412466,78
1553729499.516975,78
1553729499.621981,78
1553729499.726718,78
1553729499.832670,78
1553729499.936762,78
1553729500.042682,78
1553729500.148559,78
1553729500.254211,78
1553729500.360439,78
1553729500.465467,76
1553729500.571592,76
1553729500.676713,78
1553729500.782511,76
1553729500.886987,77
1553729500.992277,78
1553729501.096435,78
1553729501.202083,78
1553729501.307163,78
1553729501.412729,78
1553729501.517894,77
1553729501.623168,78
1553729501.729035,78
1553729501.834200,78
1553729501.941342,78
1553729502.046980,78
1553729502.152762,79
1553729502.257268,79
1553729502.363315,79
1553729502.468388,79
1553729502.573697,78
1553729502.678907,78
1553729502.784267,79
1553729502.888359,79
1553729502.993183,79
1553729503.098260,79
1553729503.203675,79
1553729503.309162,79
1553729503.414993,80
1553729503.520855,86
1553729503.625430,86
1553729503.730858,86
1553729503.836780,87
1553729503.942554,87
1553729504.046977,88
1553729504.152831,87
1553729504.258965,87
1553729504.363696,87
1553729504.470014,86
1553729504.575080,84
1553729504.680011,80
1553729504.784596,82
1553729504.889888,80
1553729504.994452,80
1553729505.100218,82
1553729505.204794,81
1553729505.310676,81
1553729505.416409,81
1553729505.522395,81
1553729505.627797,81
1553729505.733362,81
1553729505.837733,80
1553729505.942419,79
1553729506.046990,80
1553729506.153703,80
1553729506.260084,80
1553729506.365656,80
1553729506.471950,80
1553729506.577667,80
1553729506.683671,81
1553729506.789912,80
1553729506.894341,80
1553729506.998741,80
1553729507.103949,80
1553729507.210080,80
1553729507.315968,80
1553729507.422241,80
1553729507.527252,81
1553729507.631413,81
1553729507.736015,82
1553729507.842033,82
1553729507.947983,82
1553729508.053738,82
1553729508.158687,81
1553729508.263627,82
1553729508.368682,82
1553729508.473649,83
1553729508.579941,82
1553729508.684796,84
1553729508.789043,83
1553729508.893477,85
1553729508.998184,86
1553729509.103540,87
1553729509.208111,87
1553729509.313474,85
1553729509.417700,86
1553729509.522631,85
1553729509.627121,86
1553729509.732558,86
1553729509.837281,84
1553729509.942627,82
1553729510.048151,84
1553729510.153792,84
1553729510.258424,84
1553729510.364340,84
1553729510.469906,84
1553729510.574281,84
1553729510.679321,85
1553729510.783512,84
1553729510.889576,84
1553729510.994539,84
1553729511.100111,83
1553729511.204872,85
1553729511.310195,85
1553729511.415089,86
1553729511.520994,86
1553729511.626068,86
1553729511.730583,86
1553729511.836648,86
1553729511.942422,86
1553729512.047483,87
1553729512.153181,87
1553729512.258196,87
1553729512.362290,85
1553729512.466702,85
1553729512.572567,85
1553729512.678466,85
1553729512.783790,85
1553729512.889849,84
1553729512.994784,84
1553729513.100049,84
1553729513.205866,84
1553729513.312751,84
1553729513.418108,84
1553729513.522234,84
1553729513.627326,86
1553729513.733561,85
1553729513.837851,84
1553729513.942573,84
1553729514.047282,85
1553729514.152729,84
1553729514.258029,85
1553729514.362720,86
1553729514.467421,86
1553729514.572671,86
1553729514.676615,85
1553729514.782507,84
1553729514.887302,85
1553729514.992607,85
1553729515.097255,85
1553729515.202779,85
1553729515.307437,85
1553729515.412236,84
1553729515.515918,83
1553729515.622022,85
1553729515.726675,84
1553729515.831713,86
1553729515.937008,84
1553729516.042508,84
1553729516.147425,85
1553729516.252616,84
1553729516.357297,84
1553729516.461329,84
1553729516.565452,87
1553729516.671574,86
1553729516.777436,86
1553729516.883463,87
1553729516.987889,88
1553729517.092534,87
1553729517.198273,87
1553729517.303838,87
1553729517.409548,87
1553729517.514000,88
1553729517.619185,88
1553729517.724442,94
1553729517.830049,94
1553729517.935166,94
1553729518.040064,95
1553729518.144540,94
1553729518.250350,94
1553729518.355060,95
1553729518.460458,94
1553729518.565592,94
1553729518.671778,94
1553729518.776251,94
1553729518.882113,91
1553729518.988042,86
1553729519.093479,87
1553729519.198615,88
1553729519.303075,89
1553729519.407891,88
1553729519.513634,88
1553729519.618407,88
1553729519.723400,88
1553729519.828909,88
1553729519.932999,89
1553729520.037697,89
1553729520.142834,89
1553729520.248157,87
1553729520.353838,87
1553729520.458624,87
1553729520.563704,88
1553729520.668402,87
1553729520.773671,87
1553729520.878534,88
1553729520.983834,88
1553729521.088272,87
1553729521.193431,87
1553729521.299779,88
1553729521.404940,87
1553729521.510822,88
1553729521.615861,87
1553729521.721273,88
1553729521.825932,88
1553729521.931353,88
1553729522.036332,89
1553729522.140887,89
1553729522.245455,88
1553729522.351097,89
1553729522.455875,89
1553729522.562246,89
1553729522.667469,89
1553729522.773046,89
1553729522.877859,88
1553729522.982686,89
1553729523.089259,91
1553729523.194065,91
1553729523.298705,96
1553729523.403640,97
1553729523.509974,97
1553729523.614863,96
1553729523.720593,97
1553729523.826648,97
1553729523.932401,97
1553729524.036849,97
1553729524.142474,96
1553729524.247528,97
1553729524.353243,97
1553729524.458558,96
1553729524.562979,89
1553729524.667154,90
1553729524.771006,89
1553729524.875426,90
1553729524.980654,90
1553729525.085127,91
1553729525.190642,92
1553729525.295421,91
1553729525.401745,92
1553729525.506730,92
1553729525.612658,91
1553729525.719006,92
1553729525.823093,90
1553729525.927918,89
1553729526.033116,89
1553729526.137988,90
1553729526.243232,89
1553729526.349645,89
1553729526.454201,90
1553729526.560684,90
1553729526.665529,89
1553729526.771378,89
1553729526.876948,90
1553729526.982943,90
1553729527.088058,90
1553729527.193255,90
1553729527.298490,90
1553729527.403836,90
1553729527.509380,90
1553729527.613677,92
1553729527.718694,92
1553729527.823740,92
1553729527.928783,92
1553729528.033810,91
1553729528.139026,92
1553729528.245116,93
1553729528.351612,93
1553729528.456268,91
1553729528.562051,91
1553729528.666683,93
1553729528.771207,93
1553729528.875486,99
1553729528.981674,98
1553729529.086493,99
1553729529.192153,98
1553729529.297396,97
1553729529.401558,98
1553729529.506235,98
1553729529.611600,98
1553729529.716332,98
1553729529.821473,98
1553729529.926052,97
1553729530.031613,98
1553729530.137515,96
1553729530.242892,93
1553729530.347616,92
1553729530.452849,93
1553729530.557362,92
1553729530.662783,91
1553729530.768808,92
1553729530.874119,92
1553729530.980261,93
1553729531.086517,92
1553729531.192421,91
1553729531.297310,92
1553729531.402915,92
1553729531.508622,89
1553729531.613546,86
1553729531.718235,85
1553729531.824030,78
1553729531.929591,70
1553729532.034467,62
1553729532.138924,54
1553729532.244098,53
1553729532.348494,47
1553729532.452951,48
1553729532.557638,46
1553729532.661621,47
1553729532.765997,47
1553729532.871408,46
1553729532.976069,48
1553729533.081371,48
1553729533.190239,47
1553729533.295377,47
1553729533.401246,48
1553729533.505868,47
1553729533.611791,48
1553729533.717916,47
1553729533.823563,47
1553729533.928840,53
1553729534.033596,54
1553729534.137768,54
1553729534.242997,54
1553729534.347631,54
1553729534.453276,54
1553729534.558562,54
1553729534.663711,49
1553729534.769919,49
1553729534.874730,50
1553729534.979716,49
1553729535.086082,51
1553729535.192002,51
1553729535.296163,50
1553729535.401878,50
1553729535.506870,50
1553729535.612493,49
1553729535.718444,50
1553729535.823823,49
1553729535.928849,49
1553729536.033697,49
1553729536.139316,49
1553729536.244424,49
1553729536.348895,49
1553729536.453412,50
1553729536.558568,49
1553729536.663640,50
1553729536.768893,49
1553729536.875025,50
1553729536.980459,50
1553729537.084383,49
1553729537.190093,50
1553729537.296004,50
1553729537.402014,49
1553729537.508647,50
1553729537.613322,49
1553729537.719157,50
1553729537.823607,50
1553729537.928968,51
1553729538.033811,50
1553729538.139754,51
1553729538.244917,51
1553729538.351220,51
1553729538.456309,57
1553729538.562514,57
1553729538.667679,58
1553729538.773284,58
1553729538.877372,57
1553729538.982539,58
1553729539.087377,59
1553729539.192772,52
1553729539.298457,52
1553729539.403472,53
1553729539.508783,53
1553729539.613987,54
1553729539.719095,54
1553729539.825253,54
1553729539.930979,51
1553729540.035511,52
1553729540.141491,52
1553729540.246270,52
1553729540.352119,52
1553729540.456701,52
1553729540.562284,52
1553729540.666469,52
1553729540.771455,52
1553729540.877949,53
1553729540.983675,53
1553729541.089867,53
1553729541.196217,53
1553729541.301659,53
1553729541.407853,53
1553729541.513355,53
1553729541.618521,53
1553729541.723606,54
1553729541.827687,53
1553729541.932741,53
1553729542.038353,53
1553729542.143314,54
1553729542.247975,55
1553729542.353271,55
1553729542.458291,55
1553729542.563652,56
1553729542.669659,56
1553729542.774765,56
1553729542.879916,56
1553729542.984139,55
1553729543.089521,61
1553729543.194513,60
1553729543.301126,63
1553729543.405914,61
1553729543.511747,62
1553729543.616399,61
1553729543.721622,61
1553729543.826510,55
1553729543.932411,56
1553729544.038582,56
1553729544.144667,57
1553729544.249521,57
1553729544.354477,57
1553729544.460685,57
1553729544.565675,58
1553729544.671048,56
1553729544.775584,56
1553729544.881623,56
1553729544.986304,56
1553729545.092171,56
1553729545.197869,56
1553729545.303447,56
1553729545.407729,57
1553729545.514111,56
1553729545.619213,56
1553729545.724732,57
1553729545.829818,56
1553729545.934414,57
1553729546.040408,57
1553729546.145348,58
1553729546.250940,57
1553729546.355866,56
1553729546.461183,58
1553729546.565963,58
1553729546.671784,57
1553729546.776414,58
1553729546.882339,59
1553729546.988162,57
1553729547.093430,58
1553729547.197552,58
1553729547.302843,58
1553729547.407796,58
1553729547.512797,58
1553729547.618402,58
1553729547.724812,64
1553729547.830787,64
1553729547.935962,64
1553729548.042212,64
1553729548.147273,64
1553729548.252735,64
1553729548.356859,65
1553729548.461897,64
1553729548.566675,59
1553729548.672129,60
1553729548.777407,61
1553729548.883723,60
1553729548.990052,60
1553729549.094887,61
1553729549.200206,61
1553729549.304697,61
1553729549.409823,60
1553729549.513851,59
1553729549.619149,59
1553729549.724370,59
1553729549.830043,59
1553729549.935103,59
1553729550.040784,59
1553729550.145434,60
1553729550.250602,59
1553729550.355343,59
1553729550.460778,59
1553729550.565338,60
1553729550.670672,59
1553729550.775116,60
1553729550.881271,60
1553729550.986538,61
1553729551.091955,61
1553729551.198001,61
1553729551.302582,60
1553729551.408866,60
1553729551.514722,60
1553729551.619705,62
1553729551.724963,61
1553729551.830913,61
1553729551.935382,61
1553729552.041073,62
1553729552.145691,61
1553729552.251299,62
1553729552.356138,62
1553729552.463115,60
1553729552.567691,69
1553729552.673156,68
1553729552.778304,69
1553729552.884546,69
1553729552.991033,68
1553729553.095341,69
1553729553.201306,69
1553729553.305846,69
1553729553.411456,62
1553729553.517347,64
1553729553.622826,63
1553729553.728034,63
1553729553.833593,64
1553729553.939194,64
1553729554.044206,63
1553729554.150709,63
1553729554.255494,64
1553729554.360586,63
1553729554.465161,63
1553729554.570838,62
1553729554.675671,62
1553729554.780648,62
1553729554.884765,62
1553729554.989569,62
1553729555.094582,62
1553729555.200928,62
1553729555.305451,63
1553729555.411240,63
1553729555.516000,63
1553729555.621995,62
1553729555.726900,64
1553729555.832020,62
1553729555.937118,62
1553729556.041568,64
1553729556.146219,64
1553729556.252156,64
1553729556.356944,64
1553729556.461840,65
1553729556.566857,65
1553729556.670899,65
1553729556.775732,65
1553729556.881323,64
1553729556.987457,65
1553729557.093630,66
1553729557.199343,66
1553729557.304216,65
1553729557.410164,71
1553729557.514540,72
1553729557.620693,72
1553729557.727327,71
1553729557.831823,72
1553729557.936965,72
1553729558.042526,72
1553729558.147435,72
1553729558.252793,70
1553729558.358986,67
1553729558.463629,67
1553729558.569705,66
1553729558.676638,66
1553729558.782420,65
1553729558.888792,66
1553729558.993768,67
1553729559.098733,67
1553729559.204863,66
1553729559.310122,65
1553729559.414929,65
1553729559.520347,65
1553729559.624659,66
1553729559.730741,66
1553729559.835569,67
1553729559.941297,67
1553729560.047783,66
1553729560.153422,67
1553729560.258832,67
1553729560.363859,66
1553729560.469445,67
1553729560.574377,66
1553729560.680173,66
1553729560.785121,68
1553729560.889877,67
1553729560.995514,66
1553729561.101859,67
1553729561.206532,67
1553729561.311389,67
1553729561.415599,67
1553729561.520243,68
1553729561.625914,68
1553729561.731837,68
1553729561.837629,69
1553729561.943699,69
1553729562.048790,69
1553729562.153409,68
1553729562.258806,69
1553729562.363835,74
1553729562.468710,74
1553729562.573399,74
1553729562.678665,75
1553729562.783926,74
1553729562.888647,74
1553729562.993208,76
1553729563.098583,75
1553729563.202730,74
1553729563.307767,68
1553729563.414306,70
1553729563.518992,70
1553729563.623587,69
1553729563.729192,70
1553729563.834308,69
1553729563.940556,68
1553729564.045376,70
1553729564.151015,69
1553729564.256994,68
1553729564.361789,68
1553729564.467216,68
1553729564.572585,68
1553729564.678821,69
1553729564.783505,68
1553729564.888015,69
1553729564.992399,70
1553729565.098601,69
1553729565.203785,70
1553729565.308448,71
1553729565.414139,70
1553729565.519835,69
1553729565.624970,71
1553729565.729838,70
1553729565.835720,70
1553729565.941043,70
1553729566.045906,70
1553729566.151617,69
1553729566.256814,70
1553729566.362072,70
1553729566.467241,70
1553729566.572667,70
1553729566.677720,71
1553729566.782188,71
1553729566.886733,70
1553729566.991998,71
1553729567.097994,71
1553729567.203648,71
1553729567.308885,69
1553729567.414956,77
1553729567.521292,78
1553729567.626454,78
1553729567.732431,78
1553729567.837432,78
1553729567.941962,78
1553729568.047352,78
1553729568.153496,78
1553729568.258799,78
1553729568.364155,72
1553729568.469651,72
1553729568.573770,73
1553729568.679152,73
1553729568.784187,72
1553729568.889865,74
1553729568.995222,73
1553729569.100476,73
1553729569.206208,72
1553729569.312352,73
1553729569.418055,73
1553729569.523023,71
1553729569.628284,71
1553729569.733308,72
1553729569.839713,72
1553729569.944650,71
1553729570.050254,72
1553729570.155066,71
1553729570.261352,71
1553729570.365564,71
1553729570.470995,71
1553729570.576170,70
1553729570.682155,71
1553729570.788679,72
1553729570.893839,72
1553729570.999441,71
1553729571.104344,72
1553729571.209926,72
1553729571.314603,72
1553729571.419733,73
1553729571.524830,74
1553729571.630421,74
1553729571.735404,74
1553729571.841303,74
1553729571.946075,74
1553729572.051994,73
1553729572.156466,74
1553729572.261453,74
1553729572.366353,74
1553729572.471356,81
1553729572.576221,82
1553729572.682019,81
1553729572.786762,81
1553729572.892704,83
1553729572.998836,82
1553729573.103864,83
1553729573.209562,83
1553729573.314237,82
1553729573.419392,81
1553729573.524223,77
1553729573.630708,75
1553729573.735112,75
1553729573.841312,75
1553729573.945642,74
1553729574.051070,75
1553729574.155973,75
1553729574.261788,75
1553729574.366510,75
1553729574.472006,75
1553729574.577476,74
1553729574.683037,74
1553729574.788073,74
1553729574.893141,74
1553729574.999007,75
1553729575.103731,75
1553729575.208842,76
1553729575.313961,75
1553729575.420546,74
1553729575.525708,75
1553729575.630954,75
1553729575.735168,76
1553729575.839897,75
1553729575.945289,75
1553729576.051593,75
1553729576.157759,76
1553729576.263292,75
1553729576.369546,75
1553729576.473694,75
1553729576.578630,76
1553729576.684712,77
1553729576.790375,77
1553729576.894904,77
1553729577.001536,77
1553729577.107529,78
1553729577.213165,78
1553729577.318553,79
1553729577.424668,78
1553729577.528642,78
1553729577.633232,79
1553729577.739590,80
1553729577.844577,80
1553729577.950120,80
1553729578.054789,80
1553729578.159927,80
1553729578.264557,80
1553729578.369999,80
1553729578.475761,80
1553729578.581173,80
1553729578.685881,77
1553729578.791145,78
1553729578.896472,78
1553729579.002120,78
1553729579.106743,79
1553729579.210989,80
1553729579.315884,80
1553729579.421944,79
1553729579.527880,80
1553729579.633410,80
1553729579.739801,80
1553729579.844692,82
1553729579.951180,81
1553729580.057297,81
1553729580.163068,80
1553729580.268076,81
1553729580.372863,81
1553729580.477905,81
1553729580.583296,81
1553729580.689087,82
1553729580.794299,81
1553729580.899124,80
1553729581.003165,79
1553729581.109251,79
1553729581.214159,79
1553729581.319113,79
1553729581.424803,78
1553729581.531429,80
1553729581.637483,80
1553729581.743799,79
1553729581.849375,80
1553729581.954201,80
1553729582.059750,80
1553729582.164545,80
1553729582.269344,80
1553729582.374231,80
1553729582.480308,80
1553729582.586219,80
1553729582.691728,80
1553729582.795838,80
1553729582.901891,80
1553729583.006778,80
1553729583.112450,80
1553729583.217457,79
1553729583.323254,79
1553729583.429564,79
1553729583.534288,79
1553729583.639492,79
1553729583.744276,80
1553729583.850202,80
1553729583.954510,80
1553729584.060580,80
1553729584.165817,80
1553729584.271179,80
1553729584.375882,80
1553729584.481333,80
1553729584.585463,80
1553729584.691340,79
1553729584.796624,81
1553729584.902033,80
1553729585.008161,80
1553729585.113260,81
1553729585.219580,81
1553729585.324496,80
1553729585.430900,80
1553729585.535476,80
1553729585.641636,82
1553729585.745614,81
1553729585.851630,80
1553729585.957752,81
1553729586.063503,82
1553729586.169177,82
1553729586.273591,89
1553729586.378925,89
1553729586.484094,89
1553729586.588893,89
1553729586.693691,89
1553729586.800027,89
1553729586.904196,89
1553729587.009168,89
1553729587.113596,89
1553729587.218832,88
1553729587.323531,88
1553729587.428414,83
1553729587.533288,84
1553729587.638347,83
1553729587.743771,83
1553729587.850039,83
1553729587.955292,82
1553729588.059875,83
1553729588.165053,82
1553729588.271355,83
1553729588.377477,83
1553729588.483264,83
1553729588.589697,83
1553729588.693835,82
1553729588.798646,82
1553729588.904442,82
1553729589.010248,82
1553729589.115180,82
1553729589.221337,83
1553729589.325925,82
1553729589.432102,82
1553729589.537003,83
1553729589.642583,83
1553729589.748209,82
1553729589.853025,83
1553729589.958382,82
1553729590.065579,83
1553729590.171178,82
1553729590.275947,82
1553729590.381778,82
1553729590.486558,84
1553729590.590828,83
1553729590.695210,84
1553729590.800198,84
1553729590.905051,84
1553729591.009674,84
1553729591.113932,85
1553729591.219134,84
1553729591.325267,84
1553729591.430313,85
1553729591.535013,87
1553729591.639407,88
1553729591.744089,88
1553729591.849453,88
1553729591.955014,88
1553729592.059905,88
1553729592.164213,88
1553729592.270263,89
1553729592.375373,87
1553729592.481366,88
1553729592.586020,88
1553729592.690903,85
1553729592.795034,86
1553729592.900376,85
1553729593.005202,86
1553729593.111655,87
1553729593.217384,86
1553729593.322799,87
1553729593.427709,85
1553729593.533569,86
1553729593.640641,87
1553729593.747082,86
1553729593.853155,87
1553729593.957762,87
1553729594.063837,88
1553729594.170522,87
1553729594.276857,88
1553729594.383042,88
1553729594.488255,89
1553729594.593057,88
1553729594.698591,88
1553729594.804246,89
1553729594.909376,88
1553729595.015497,88
1553729595.122317,88
1553729595.228609,88
1553729595.334723,86
1553729595.441165,86
1553729595.545864,87
1553729595.650462,87
1553729595.754719,87
1553729595.859272,87
1553729595.965019,87
1553729596.072209,87
1553729596.178264,87
1553729596.283360,86
1553729596.387942,86
1553729596.494735,86
1553729596.601373,86
1553729596.705130,87
1553729596.811351,86
1553729596.917637,86
1553729597.023471,87
1553729597.129743,86
1553729597.234967,86
1553729597.340523,86
1553729597.445603,87
1553729597.552108,87
1553729597.658417,85
1553729597.763471,87
1553729597.869438,86
1553729597.975521,87
1553729598.080688,88
1553729598.186891,87
1553729598.292071,87
1553729598.396600,87
1553729598.501957,87
1553729598.606570,87
1553729598.711868,87
1553729598.818089,87
1553729598.923537,87
1553729599.028662,87
1553729599.133995,87
1553729599.238422,88
1553729599.343952,87
1553729599.448435,87
1553729599.553637,89
1553729599.659007,89
1553729599.765562,88
1553729599.871127,88
1553729599.975505,89
1553729600.083735,88
1553729600.188929,88
1553729600.294434,89
1553729600.399358,88
1553729600.505641,90
1553729600.611028,89
1553729600.717619,97
1553729600.823924,96
1553729600.928498,95
1553729601.032653,95
1553729601.138461,96
1553729601.243571,95
1553729601.349791,95
1553729601.454896,95
1553729601.560320,95
1553729601.665756,96
1553729601.770042,95
1553729601.876217,94
1553729601.983016,89
1553729602.089251,89
1553729602.193562,90
1553729602.298615,89
1553729602.404000,89
1553729602.510535,91
1553729602.616859,91
1553729602.722778,90
1553729602.827426,90
1553729602.933735,91
1553729603.040265,90
1553729603.146246,91
1553729603.252937,89
1553729603.357697,89
1553729603.462279,89
1553729603.567031,89
1553729603.672568,89
1553729603.778447,89
1553729603.884121,89
1553729603.988777,89
1553729604.094295,89
1553729604.199615,89
1553729604.305810,89
1553729604.412634,90
1553729604.518518,89
1553729604.623791,89
1553729604.729687,90
1553729604.835983,91
1553729604.942673,90
1553729605.047916,93
1553729605.152324,92
1553729605.256761,90
1553729605.362393,91
1553729605.468598,91
1553729605.573615,90
1553729605.678080,91
1553729605.782932,91
1553729605.888214,91
1553729605.994198,91
1553729606.099147,92
1553729606.204172,92
1553729606.309300,98
1553729606.414406,98
1553729606.519748,98
1553729606.625829,98
1553729606.731818,98
1553729606.836315,98
1553729606.941797,98
1553729607.046092,97
1553729607.150499,97
1553729607.253942,99
1553729607.357662,98
1553729607.463605,97
1553729607.568373,95
1553729607.672803,92
1553729607.778642,92
1553729607.882706,92
1553729607.987577,91
1553729608.093808,93
1553729608.199849,92
1553729608.303958,93
1553729608.407676,92
1553729608.514202,92
1553729608.621086,93
1553729608.725597,92
1553729608.831080,93
1553729608.934631,89
1553729609.040833,89
1553729609.144807,89
1553729609.249311,89
1553729609.353367,89
1553729609.456749,89
1553729609.561890,85
1553729609.667666,81
1553729609.773107,74
1553729609.876963,66
1553729609.980757,59
1553729610.085652,52
1553729610.190703,50
1553729610.295540,46
1553729610.401662,45
1553729610.505395,47
1553729610.612050,46
1553729610.716397,48
1553729610.823304,48
1553729610.928508,48
1553729611.034330,49
1553729611.140830,49
1553729611.246878,47
1553729611.352735,54
1553729611.458691,53
1553729611.564741,54
1553729611.670085,54
1553729611.774751,54
1553729611.881305,53
1553729611.985747,53
1553729612.092056,49
1553729612.196642,49
1553729612.302492,49
1553729612.407794,49
1553729612.512691,49
1553729612.619039,49
1553729612.723587,47
1553729612.828540,47
1553729612.933738,49
1553729613.039326,48
1553729613.143836,49
1553729613.249898,49
1553729613.355791,49
1553729613.461401,49
1553729613.565640,49
1553729613.669759,49
1553729613.773722,50
1553729613.877715,49
1553729613.982716,49
1553729614.086592,49
1553729614.190960,49
1553729614.295024,49
1553729614.400331,50
1553729614.504271,50
1553729614.609081,50
1553729614.712703,50
1553729614.817204,50
1553729614.921603,49
1553729615.025368,50
1553729615.131458,51
1553729615.235901,51
1553729615.341174,51
1553729615.447967,51
1553729615.553829,50
1553729615.659293,51
1553729615.764685,51
1553729615.869391,58
1553729615.974000,58
1553729616.079488,58
1553729616.184067,58
1553729616.290236,57
1553729616.395012,59
1553729616.501019,57
1553729616.605751,52
1553729616.711129,51
1553729616.815656,52
1553729616.921528,52
1553729617.026193,52
1553729617.132753,52
1553729617.238021,52
1553729617.343133,52
1553729617.449428,53
1553729617.554093,52
1553729617.658671,52
1553729617.763911,52
1553729617.869399,52
1553729617.975399,52
1553729618.081373,52
1553729618.185908,52
1553729618.291967,52
1553729618.398278,52
1553729618.504037,52
1553729618.609159,52
1553729618.714976,52
1553729618.821487,53
1553729618.925884,52
1553729619.031708,53
1553729619.137037,53
1553729619.243132,53
1553729619.349491,53
1553729619.455532,53
1553729619.562174,53
1553729619.668055,54
1553729619.773074,56
1553729619.879093,55
1553729619.983274,56
1553729620.089099,55
1553729620.195631,55
1553729620.301883,55
1553729620.408625,61
1553729620.514764,61
1553729620.620263,61
1553729620.724029,61
1553729620.828570,61
1553729620.933118,61
1553729621.038703,61
1553729621.144740,61
1553729621.249100,56
1553729621.353918,56
1553729621.458573,56
1553729621.564029,56
1553729621.669463,56
1553729621.775153,56
1553729621.881062,56
1553729621.987117,57
1553729622.091307,55
1553729622.197028,55
1553729622.302400,55
1553729622.408549,56
1553729622.513893,56
1553729622.619456,56
1553729622.725153,56
1553729622.831569,56
1553729622.937101,57
1553729623.043434,56
1553729623.148979,56
1553729623.252440,56
1553729623.357933,56
1553729623.463687,56
1553729623.570546,57
1553729623.674892,57
1553729623.778702,57
1553729623.883960,57
1553729623.990080,56
1553729624.095726,56
1553729624.202256,56
1553729624.305905,57
1553729624.411590,58
1553729624.518044,57
1553729624.623538,57
1553729624.729675,58
1553729624.833656,57
1553729624.938989,57
1553729625.044457,57
1553729625.151172,64
1553729625.256153,64
1553729625.362517,64
1553729625.467345,64
1553729625.573279,64
1553729625.678061,64
1553729625.782503,64
1553729625.888311,63
1553729625.994247,59
1553729626.100187,59
1553729626.204858,59
1553729626.310925,61
1553729626.415697,60
1553729626.521912,60
1553729626.626035,61
1553729626.732382,61
1553729626.837645,58
1553729626.943925,59
1553729627.048403,59
1553729627.153397,59
1553729627.260017,59
1553729627.365581,59
1553729627.472494,59
1553729627.578579,58
1553729627.684128,59
1553729627.789233,60
1553729627.895080,59
1553729628.000967,59
1553729628.105346,61
1553729628.211208,60
1553729628.315054,59
1553729628.419745,60
1553729628.525285,60
1553729628.629165,61
1553729628.735021,61
1553729628.841186,60
1553729628.944977,61
1553729629.050558,61
1553729629.154304,61
1553729629.259676,60
1553729629.365080,61
1553729629.472015,61
1553729629.576139,62
1553729629.681940,61
1553729629.786353,62
1553729629.892417,68
1553729629.997841,67
1553729630.103640,67
1553729630.208936,67
1553729630.313139,69
1553729630.417386,68
1553729630.523060,68
1553729630.627662,68
1553729630.732782,65
1553729630.836962,63
1553729630.942381,62
1553729631.049251,62
1553729631.153651,61
1553729631.258856,63
1553729631.363256,64
1553729631.468016,65
1553729631.573504,64
1553729631.677905,62
1553729631.783061,63
1553729631.888343,62
1553729631.993262,61
1553729632.099501,63
1553729632.203575,63
1553729632.307678,63
1553729632.412759,63
1553729632.519112,62
1553729632.624520,62
1553729632.729259,62
1553729632.835675,62
1553729632.941944,62
1553729633.047792,62
1553729633.153081,62
1553729633.257969,63
1553729633.362178,62
1553729633.466994,62
1553729633.571508,63
1553729633.676204,64
1553729633.780762,63
1553729633.885162,63
1553729633.990275,64
1553729634.095196,65
1553729634.200338,65
1553729634.305926,65
1553729634.411405,65
1553729634.515914,65
1553729634.620916,65
1553729634.725816,71
1553729634.831872,71
1553729634.936671,71
1553729635.041315,72
1553729635.145810,72
1553729635.250383,71
1553729635.355285,72
1553729635.460022,72
1553729635.565888,71
1553729635.671563,64
1553729635.775767,66
1553729635.881770,66
1553729635.989147,66
1553729636.093860,66
1553729636.199386,66
1553729636.305508,65
1553729636.411041,66
1553729636.515114,66
1553729636.619974,65
1553729636.723912,65
1553729636.828837,64
1553729636.934017,66
1553729637.040240,65
1553729637.144970,65
1553729637.250845,65
1553729637.357080,66
1553729637.463167,65
1553729637.566807,65
1553729637.673186,66
1553729637.779598,65
1553729637.885565,66
1553729637.990801,66
1553729638.095408,66
1553729638.201517,66
1553729638.307200,66
1553729638.413033,66
1553729638.518233,65
1553729638.624827,66
1553729638.730147,68
1553729638.835111,68
1553729638.941978,67
1553729639.048122,68
1553729639.153829,68
1553729639.258532,67
1553729639.363562,67
1553729639.468701,68
1553729639.574620,69
1553729639.680994,75
1553729639.787095,75
1553729639.892906,74
1553729639.998149,75
1553729640.103847,74
1553729640.209276,74
1553729640.315261,74
1553729640.420893,74
1553729640.525238,74
1553729640.630554,73
1553729640.735114,70
1553729640.840604,69
1553729640.944554,70
1553729641.049420,70
1553729641.154722,69
1553729641.259342,69
1553729641.365101,70
1553729641.471463,69
1553729641.577589,70
1553729641.683098,69
1553729641.787869,68
1553729641.893021,68
1553729641.999631,68
1553729642.105843,68
1553729642.211163,68
1553729642.315348,68
1553729642.419286,68
1553729642.525490,68
1553729642.631699,69
1553729642.736594,70
1553729642.841729,70
1553729642.947718,70
1553729643.053623,69
1553729643.159458,70
1553729643.265719,70
1553729643.372471,68
1553729643.478951,69
1553729643.584155,69
1553729643.690228,68
1553729643.795434,70
1553729643.901312,70
1553729644.005539,71
1553729644.109383,70
1553729644.215387,70
1553729644.321788,71
1553729644.426689,71
1553729644.531931,71
1553729644.635321,71
1553729644.740779,77
1553729644.844942,76
1553729644.950503,78
1553729645.055784,78
1553729645.160641,77
1553729645.264725,78
1553729645.370430,78
1553729645.476338,78
1553729645.581931,78
1553729645.686374,77
1553729645.791644,72
1553729645.898062,72
1553729646.004019,72
1553729646.109909,72
1553729646.215300,72
1553729646.320885,72
1553729646.426923,72
1553729646.532238,72
1553729646.638768,73
1553729646.744871,71
1553729646.850428,72
1553729646.954203,72
1553729647.058771,72
1553729647.163452,71
1553729647.269055,71
1553729647.374828,71
1553729647.480507,71
1553729647.585762,71
1553729647.690488,71
1553729647.795369,71
1553729647.901178,71
1553729648.007339,71
1553729648.112457,70
1553729648.217131,71
1553729648.321887,71
1553729648.426677,71
1553729648.531843,71
1553729648.637584,72
